"Y_t" "mu_t" "t"
-0.118374097825674 -0.064923638661871 0.142361102
-0.0310464159572522 -0.0636545858105337 0.246527762
0.038975432960808 0.0287148446798996 0.420138862
-0.1862044962939 -0.0135070066033652 0.489583302
0.00597342303506103 -0.035061304738146 0.559027742
-0.0182000350012368 -0.0645192060172145 0.628472182
-0.0654360060129763 -0.0439039796372397 0.663194402
-0.0972292704690235 -0.0471966409254364 0.697916622
0.0752028753002343 -0.0642083188032834 0.732638842
-0.0181711926740014 -0.0118073249356148 0.767361062
0.025030890173472 0.0260220595629384 0.906249942
-0.0796499085972573 -0.000209506737091492 0.975694382
-0.118850492225186 -0.0238061397215433 1.04513882
-0.154855647182279 -0.0471522697301364 1.11458326
-0.0580772729868432 -0.0282396146862045 1.25347214
0.165873701987614 0.069641810264181 1.32291658
0.173765644588029 0.0497536217933991 1.3576388
0.13058023287472 0.0196800989712509 1.39236102
0.103639098350741 0.0119446326455931 1.42708324
-0.0240105040121744 -0.00720991195414617 1.49652768
-0.0973764356179305 -0.0108159494049045 1.5312499
-0.0389142992201117 -0.0157344423115136 1.63541656
-0.179725256277937 -0.00913926131518992 1.67013878
-0.0313629840515097 -0.00917447718152633 1.73958322
0.115736282996973 -0.00163486580324013 1.91319432
0.010223008115758 0.000963225570060082 1.98263876
0.08274359531422 0.00525256341868023 2.01736098
0.0420270265063082 0.00742539560957265 2.0520832
-0.0410738074076114 0.0140034677771646 2.08680542
0.144460767455424 0.0211725032696668 2.12152764
0.0122923131249143 0.0178351312265544 2.15624986
-0.0505791899803867 0.0184028802301081 2.19097208
0.0208359396586665 0.015839535535657 2.26041652
-0.161422092820944 -0.0540408903471868 2.36458318
0.0806207021347954 0.0195423009814456 2.50347206
0.097599902303861 0.0621336616518678 2.64236094
0.0211142591028823 0.0462010875060588 2.67708316
-0.0744774103122154 -0.0399402724579022 2.78124982
-0.0851425582423395 -0.151348538173798 2.85069426
-0.145651357348974 -0.0705277399061181 2.88541648
-0.0962906623213914 -0.026724021335888 2.95486092
0.0511845863418435 0.0211857312673541 2.98958314
0.0182262103182048 0.0501388925721718 3.02430536
0.125820870533958 0.0604074972403527 3.05902758
0.108067099665987 0.122111711816292 3.12847202
0.171599992036215 0.0871112663804237 3.16319424
0.133236542132323 0.0981962399909259 3.19791646
-0.440308356791614 -0.281552095797657 3.33680534
-0.167153150783751 -0.072728136348348 3.40624978
0.158017716374574 0.0673118116719521 3.51041644
0.173524364011142 0.124677717185429 3.57986088
0.114781748916705 0.183163405944202 3.6145831
0.0970754949370567 0.192237479012632 3.71874976
0.21460815892949 0.141516978303191 3.75347198
-0.224301337808965 -0.166900073865429 3.7881942
-0.275656497160902 -0.403057727537651 3.82291642
-0.18592225900729 -0.311189192341369 3.85763864
-0.236483294079307 -0.133621080867226 3.89236086
-0.148293979475116 -0.0884971895789276 3.92708308
-0.129855860788917 -0.0414335961045197 3.9618053
0.112044000943142 0.0648596091611508 3.99652752
0.135207065390851 0.226478265298712 4.10069418
0.0197377096977471 0.163634189876745 4.17013862
0.357685054459928 0.214754237766257 4.20486084
-0.38461072906719 -0.455743796545635 4.3090275
-0.441772543053815 -0.499551907003192 4.34374972
-0.298246879621405 -0.251295817826817 4.37847194
-0.124520844516597 -0.123723141004868 4.41319416
-0.0486683250063679 -0.0924861240076698 4.44791638
-0.0599750720968365 0.0306221881793444 4.4826386
0.142393566827072 0.151180169479046 4.55208304
0.254943051383705 0.24251623982019 4.58680526
0.35874977609353 0.239052593184876 4.6562497
-0.628050811950082 -0.673456451825959 4.8298608
-0.350850907627742 -0.441518474851293 4.86458302
-0.0241187915799886 -0.0340569633870487 4.96874968
0.0956026543778028 0.174268473514324 5.03819412
0.3500921538502 0.374110942878917 5.10763856
0.226382982841347 0.344099619391554 5.14236078
0.312141519619185 0.246461781676238 5.177083
0.463169509188846 0.362984722929387 5.21180522
-0.1158069341061 -0.111371905387964 5.45486076
0.01668318807898 0.0860434574326331 5.48958298
0.310496485287158 0.233623353805324 5.55902742
0.324715951482054 0.314864042953692 5.66319408
-0.713416098741085 -0.686102536776256 5.80208296
-0.841325414862858 -0.920774902060153 5.83680518
-0.574913703895013 -0.521184502197742 5.8715274
0.0832221720314373 0.0019784947115108 5.97569406
0.142130275653595 0.20170234322188 6.01041628
0.270646032409394 0.242968929685534 6.0451385
0.424837300121161 0.361807410857274 6.07986072
0.428943458632153 0.523360507660711 6.11458294
0.409481985567339 0.381330404474673 6.25347182
-0.451401688982362 -0.443511310476758 6.28819404
-1.00879998054786 -1.05658229112819 6.32291626
-0.396898542156348 -0.341136247382712 6.3923607
-0.22920127821096 -0.223050415542699 6.42708292
0.426779357604882 0.329037118063899 6.5659718
0.391250312640614 0.379336258901425 6.67013846
-0.138841813390421 -0.197050203564094 6.94791622
0.657142508999292 0.672762115789498 7.22569398
0.240662588559114 0.313451570513676 7.2604162
0.236385602313225 0.23715816532194 7.50347174
0.347057083291064 0.433677038581636 7.57291618
0.254119122672418 0.437691919421278 7.67708284
-0.251247306786582 -0.33391675807014 7.7812495
-0.604055932624252 -0.527199873122633 7.88541616
-0.424936762948752 -0.295813194823569 7.92013838
0.213449774951646 0.143072723438828 7.98958282
0.327153078171431 0.327991832780094 8.02430504
0.340718367526096 0.383118497938183 8.05902726
0.615247461895415 0.627830284697899 8.09374948
0.699653127236264 0.729774556780999 8.1284717
0.625122923223319 0.554648505287272 8.19791614
-0.753800449561598 -0.805253831700042 8.37152724
-0.119093447999037 0.00299777229488882 8.4756939
0.388807458655337 0.363818411382396 8.54513834
0.589846892179994 0.538453404998331 8.57986056
0.676494904268614 0.629241717497067 8.649305
0.591872361636974 0.763297482551253 8.71874944
-0.653395391757164 -0.636753108634073 8.78819388
0.361109157448952 0.221127942900559 8.9965272
0.50757352446677 0.451231642318328 9.06597164
0.631804345440623 0.752668423266157 9.13541608
0.542715766567902 0.660354909349969 9.20486052
-0.0678045820822673 -0.102531271557049 9.27430496
-1.45239020775514 -1.44008262634005 9.3437494
-0.64519548273343 -0.71316899037427 9.37847162
-0.324948597403733 -0.345725279900276 9.41319384
-0.248785161122044 -0.254512681042957 9.44791606
0.410731646401649 0.39774479295279 9.55208272
0.828526054862447 0.816770048569285 9.62152716
0.461759422461864 0.551533633372684 9.6909716
0.999537750493489 0.833403484557237 9.72569382
0.286471473461821 0.386315333328073 9.76041604
-1.58306526238317 -1.58186590372663 9.82986048
-1.06157194446432 -1.02308275392733 9.8645827
-0.18298676009094 -0.310273923872255 9.93402714
0.44945358481331 0.377933964079224 10.0381938
0.470890164051499 0.510750943986369 10.072916
0.522396933362069 0.507871489621428 10.1770827
0.794280233401936 0.711869628581893 10.2465271
-1.32644317615295 -1.48457508062672 10.3159716
-1.30656341809873 -1.32793678660622 10.3506938
-0.66771545249257 -0.593999103705639 10.385416
0.0893201015497111 0.15886704549539 10.4895827
0.504270139949477 0.36244441901179 10.5243049
0.274909235343924 0.421320749060636 10.5590271
0.903184644650212 0.687111029590671 10.5937493
0.529929450193838 0.548409727928464 10.6631938
0.56619368016612 0.598324135650597 10.697916
0.165832101316602 0.154690887594994 10.7673604
-1.07579852888342 -1.14179907877908 10.8020826
-1.49381498820306 -1.51522818094081 10.8368049
-0.986448807608392 -0.848128098875405 10.8715271
-0.344114900610466 -0.369113721076882 10.9062493
-0.25095483743892 -0.282804660246912 10.9409715
0.597776354962786 0.551139065653542 11.0798604
0.565042103307593 0.637974562382348 11.1493048
0.598911115631563 0.76656775140748 11.2187493
0.527513451503676 0.550464462331197 11.2534715
-0.700199296112451 -0.633427291089025 11.2881937
-1.54728852555223 -1.49313192439803 11.3229159
-1.19300873949961 -1.12556636077433 11.3576382
-0.500164171604018 -0.472021007060562 11.3923604
-0.327409120874262 -0.305402751312838 11.4270826
0.270078764481539 0.21378650888303 11.496527
0.501867711783446 0.432116694672529 11.5659715
0.680697476227464 0.736879348863743 11.7395826
-0.117243153719125 -0.0954064255380571 11.7743048
-1.21058266290144 -1.23614066740955 11.809027
-1.2283805667603 -1.32729003432973 11.8437492
-0.658121993874374 -0.654157216479062 11.8784715
0.192563548079201 0.312692044704799 12.0173603
0.576617549965923 0.560223099275446 12.0868048
0.522876874778 0.531297856879933 12.1562492
0.609615701990932 0.484281530362276 12.1909714
0.360186155116059 0.335902540916565 12.2604159
-0.845704141824195 -0.801647869212212 12.2951381
-1.39301212551593 -1.36193320607105 12.3298603
-0.398202062644383 -0.362472184004443 12.3993048
-0.250035517417535 -0.263190188119837 12.434027
0.249393627791384 0.236919005690926 12.5034714
0.489410041722866 0.424649793964532 12.5729159
-0.28522440647787 -0.307864319903935 12.7812492
0.0982451295395158 0.124173836976461 12.9895825
0.215295290050239 0.281806552578464 13.0243047
0.370732110883579 0.325851836199006 13.0590269
0.524175915101009 0.528594518061051 13.0937492
0.465859656115496 0.45293106650524 13.1979158
0.700682282150902 0.622643077338662 13.232638
0.239725190432612 0.115837563749921 13.2673603
-0.917769727750671 -0.850324719053751 13.3020825
-0.508438335436083 -0.624692379419473 13.3715269
-0.331650902570094 -0.270363586954444 13.4062491
0.0210858760394174 0.00225193191093527 13.4756936
0.241891512044385 0.226167543559582 13.5104158
0.372853133646825 0.392433522158138 13.5798602
0.656910699640946 0.558322121641563 13.6145825
0.402460900794764 0.449053015119585 13.6493047
0.580003918832546 0.533297304068867 13.7187491
0.379770182450886 0.380707501996956 13.7534713
-0.501352599832197 -0.435486996254772 13.7881936
-0.0073100065365426 -0.0932014995744184 13.9618047
0.306516482139481 0.454184445527169 14.1006935
0.424292798803319 0.46149739670929 14.1354158
-0.169078890974253 -0.0600852702144058 14.2743046
-0.759673533363693 -0.773414107989155 14.3090269
-0.174807318639627 -0.193504816420462 14.4131935
-0.0337295031779064 0.0453770192367475 14.482638
0.233816016322134 0.187786691369631 14.5173602
0.258673809183355 0.331710885482409 14.5868046
0.356692002739266 0.310079417698586 14.6562491
0.43561003361143 0.418792955487202 14.7256935
-0.150085383838426 -0.200663031100149 14.8993046
0.102960625362991 0.169321397467245 15.0381935
0.232552362362683 0.225809815677011 15.0729157
0.312211323930934 0.344937598962529 15.1076379
0.205194431241125 0.309060084574963 15.1423601
0.320134794262927 0.309338227917932 15.2118046
-0.0300593940191116 -0.155483351086865 15.281249
-0.641981283606975 -0.596155748429137 15.3159712
-0.245921882337112 -0.231792653132656 15.3854157
0.18205189688547 0.133315005137621 15.5243046
0.281763520147523 0.279207646636033 15.6284712
0.327070100136768 0.189641329549139 15.6631934
0.255768604402535 0.203639721367868 15.6979157
0.215120126107806 0.0509770295639737 15.7673601
-0.345421900779882 -0.370093517258265 15.8020823
-0.563192173011178 -0.483012156962316 15.8368045
-0.236036576234011 -0.265829478742831 15.8715268
-0.179102680198682 -0.113726680320506 15.906249
-0.156844761594246 -0.0856346987781704 15.9409712
-0.0124734974751776 0.000924360892526505 15.9756934
0.157815429417299 0.0917775462413336 16.0104156
0.179623297168506 0.15530518788656 16.0798601
0.275685153885215 0.218125228134142 16.1145823
0.237870021289772 0.173145638308702 16.1493045
0.120870832765377 0.13302261344367 16.1840267
-0.32874293589483 -0.158879544853802 16.2881934
-0.310630171077862 -0.366909284283033 16.3229156
-0.117490740322702 -0.270870394363068 16.3576378
-0.0662791150934514 -0.070407451931186 16.4270823
-0.0486688054842647 0.0471381140346016 16.4965267
0.0649762041954744 0.090965968070832 16.5659712
0.0284187954322774 0.0944991671681484 16.6701378
0.133993572698358 0.136937910185954 16.7395823
0.0305470804369264 -0.0172612579601473 16.7743045
-0.1563777677912 -0.217644055278334 16.8090267
-0.0921979779831087 -0.10882736346423 16.8784711
-0.117019186352479 -0.0509775248859324 16.9131934
0.021271820065297 -0.0362337921646507 16.9479156
0.146031189674348 0.0506906703211376 17.0520822
0.236307128516893 0.077074970387088 17.0868045
0.0612921814349859 0.0961986798309961 17.1215267
0.101581136343558 0.0680577271664491 17.1562489
0.122691568767635 0.0382848215921211 17.2604156
-0.0958432726500018 -0.0876128699287324 17.2951378
-0.105378445846622 -0.142491550241389 17.32986
-0.0724619785915717 -0.0876238669359754 17.3645822
-0.0333784370539055 -0.0238714192940665 17.4340267
0.00640606880813561 -0.00550932412532419 17.4687489
0.112535212425161 0.0443183040884065 17.6076378
0.0533044170469187 0.0243993828370606 17.6770822
-0.000398083997818245 0.0325840784976262 17.7118044
-0.172271965172072 -0.0138953921130969 17.7812489
-0.104637294842119 -0.0484178378747648 17.8159711
-0.039758957824928 -0.0383479179456222 17.8506933
-0.184943627977652 -0.00714692252497461 17.9201377
0.158626818289053 0.0022889008399155 17.9895822
-0.102129558659393 0.00314182817517967 18.0590266
-0.0835129970409025 -0.00143544478836628 18.1631933
0.0995582409951672 -0.00351941741093641 18.1979155
-0.16237339398986 -0.00752578066013668 18.2326377
0.0705006654228252 0.0182410420680469 18.3715266
-0.0165672988209358 0.00775779448148604 18.440971
0.0321411757700627 -9.41777607518794e-05 18.4756933
0.0516756222642928 -0.0104161498631997 18.5104155
-0.0891140407890396 -0.0213404068476431 18.5798599
-0.0825810752839213 -0.0326703075944798 18.6145821
-0.235248353495685 -0.0233320359772186 18.6840266
0.0166574123893433 0.0846140739300634 18.8229155
0.0123341617630242 -0.0145492074841733 18.9965266
0.011160171121698 -0.0245535006334021 19.0312488
0.10555811325455 -0.0377763913586209 19.1701377
-0.0451234603497274 -0.0496932813767005 19.2048599
0.0407702256256955 0.00798460818162057 19.2743043
0.110894203896907 0.105606577283564 19.3090265
-0.00592678371238689 0.0284977366562704 19.4131932
0.0459576749293098 -0.00699831706428346 19.4826376
-0.00137205455721683 -0.0341983965780526 19.5520821
-0.0438428224675298 -0.0529942308429595 19.6562487
-0.10650967282017 -0.0488478971657269 19.690971
-0.0374171595877814 -0.0345780939187991 19.7604154
0.197939465153073 0.142684940767873 19.8298598
0.140381948806445 0.0925495163181352 19.8645821
0.00442051429978906 0.03854920167838 19.8993043
-0.0404218802060165 0.006891586852008 19.9687487
0.0106148373089778 -0.0256456919042875 20.0034709
0.0283889107716739 -0.0457802215900176 20.177082
-0.0577789605628201 -0.0663390653676275 20.2118043
0.0945640598939868 0.116717212268923 20.3506931
-0.0335577854778786 0.0287150390404817 20.4201376
-0.0117874083609202 0.0178606520471989 20.4548598
-0.118352239961019 -0.0135058633265239 20.489582
-0.105805368194312 -0.0564975254502498 20.5937487
0.0157345173255454 -0.0645196337344745 20.6284709
0.0347208190629779 -0.0439046357213116 20.6631931
-0.10876904625407 -0.0471957692912791 20.6979153
-0.0493076046572807 -0.0642085779388004 20.7326376
0.116348437848669 0.111441424564338 20.8368042
-0.0980876244451515 0.0194794034125044 20.9409709
0.0204784524234575 -0.036856592420591 21.1493042
-0.163045933508507 -0.0278226654726595 21.1840264
-0.0571171970203572 0.0310415833764982 21.2881931
0.0756742087362023 0.00509403105905012 21.4618042
-0.045455053116235 -0.0072095745757337 21.4965264
-0.0310347639734018 -0.0157346850788703 21.6354153
-0.124445632763454 -0.00975734692066305 21.7048597
-0.10173137752872 0.000867268390400765 21.7743042
0.0276350213279121 0.0028219563125418 21.8437486
-0.0139771714308756 -0.00163483973676223 21.913193
-0.0438928619724248 -0.00207255378476169 21.9479153
-0.0933669228488058 0.000963049397927301 21.9826375
-0.0701654461529178 0.00742527496497207 22.0520819
0.159815380534651 0.0158411135966592 22.2604152
-0.0646803774602845 -0.0415940769140667 22.2951375
-0.0225176380555986 -0.0772480714650106 22.3298597
0.00146603119858244 -0.0540423037209338 22.3645819
0.0297926312731084 -0.024177016639555 22.3993041
0.00193570342512711 -0.0189104238790361 22.4340263
-0.0934901757567205 -0.00493523911255744 22.4687486
-0.051841039222506 0.0195416556991635 22.5034708
0.0809128631787158 0.0277814822799867 22.538193
-0.0303801717012934 0.0621343923923575 22.6423597
-0.00263189107629398 -0.0399346090744458 22.7812485
-0.189078123813596 -0.151351178762805 22.850693
-0.0986995165704138 -0.0705300784676458 22.8854152
-0.0346470034421171 0.0211839878241458 22.9895819
0.0338651227055822 0.0501385585142703 23.0243041
0.122432944961373 0.060406609972769 23.0590263
0.130278122506271 0.0981943418374023 23.1979152
0.0106140427418496 0.0270517402656473 23.2673596
-0.144342167148208 -0.205860847766034 23.3020818
-0.0452327293763815 -0.162329876384928 23.3715263
-0.0731797357731399 -0.0727293844906817 23.4062485
-0.02406811391351 -0.0573367421904348 23.4409707
0.102082114146486 0.0824090848058619 23.5451374
0.123086964187598 0.192235144281215 23.7187485
-0.232406494563744 -0.166886960117255 23.7881929
-0.175448039432436 -0.311196310676545 23.8576374
-0.0713093923930828 -0.133625142377644 23.8923596
0.161025022431994 0.10855191711958 24.0312485
0.247146786496949 0.236711771024335 24.1354151
-0.465236465442775 -0.499558620024419 24.3437484
-0.240566275885178 -0.251304119417887 24.3784707
-0.120754648004241 -0.123724408385891 24.4131929
-0.0766903881367098 -0.0924887313210403 24.4479151
-0.0408339349622429 0.0306167364843399 24.4826373
0.329803364690789 0.160011321546903 24.7604151
-0.384824169203444 -0.441531431218749 24.8645817
-0.203752709224901 -0.185989624098344 24.899304
-0.0517788410103937 -0.137543070904637 24.9340262
0.19421747967105 0.238571324287864 25.0729151
0.495105023886523 0.374107845454401 25.1076373
0.316217862092753 0.344104283459056 25.1423595
0.0823075954181612 0.246461788124132 25.1770817
0.459436265360858 0.362978472019481 25.2118039
0.434266554406301 0.354205864645354 25.2465262
-0.247051337954288 -0.192298905934093 25.2812484
-0.856809650420784 -0.757081080173803 25.3159706
-0.815245611984935 -0.6855249227265 25.3506928
-0.194426028968449 -0.17540389927829 25.4201373
0.103941691882608 0.233620025203233 25.5590261
0.289890623192531 0.347482209106067 25.697915
0.103493265286388 0.0919269695916874 25.7673595
-0.625584997642509 -0.686079341977237 25.8020817
-0.235673269201858 -0.177693120467899 25.9409706
0.192958372834008 0.201698407809226 26.010415
0.260995197655334 0.242967634999689 26.0451372
0.483346329303191 0.361799882290414 26.0798594
0.455579388945796 0.523358651783486 26.1145817
0.314536282654599 0.427978149176399 26.1493039
-0.573982582394225 -0.443478288642876 26.2881928
-0.301850558083414 -0.341147111311006 26.3923594
-0.22730277500747 -0.22305170621914 26.4270816
-0.0485369090112599 -0.103131655161024 26.4618039
0.149473644024995 0.159432492596708 26.4965261
0.291421878728247 0.263625940690809 26.5312483
0.553005373997816 0.537150726572203 26.6006927
0.556662356451765 0.554997686716236 26.635415
0.448264488591862 0.492314600706431 26.7048594
0.680011387986672 0.590773848890477 26.7395816
-1.12592933182414 -1.09723677409652 26.8437483
-0.21910562024645 -0.266252938670099 26.9131927
0.324494666849813 0.312852920588106 27.0520816
0.607054011019767 0.481081207322586 27.1562483
0.723049089342118 0.67275866763732 27.2256927
0.289605000876916 0.313483371502617 27.2604149
-0.756246365195697 -0.755599436576797 27.2951371
-1.30555166615052 -1.2966909670491 27.3298594
-0.406076172897814 -0.25823102753916 27.434026
0.0565929525814623 -0.0634309207557729 27.4687482
0.312378689035255 0.237150931163786 27.5034705
0.379460529447853 0.433668511652384 27.5729149
0.701737185009518 0.674725171454128 27.6076371
0.632916419572436 0.615811796194261 27.6423593
0.55963111874831 0.639729304849115 27.7118038
-0.228518253775329 -0.33387061732876 27.7812482
-1.32236657402884 -1.30481285289549 27.8159704
-0.514236430915535 -0.527217759395754 27.8854149
-0.267186378525347 -0.295815082153416 27.9201371
0.557525045623652 0.627820260982869 28.0937482
0.65302752208289 0.729778966026469 28.1284704
0.502515064970006 0.505947541918414 28.1631926
0.185551632503929 0.144816229037318 28.2673593
-0.800058558685878 -0.805279165658471 28.371526
0.353808194293003 0.303890304231362 28.5104148
0.387503312434091 0.363816642167031 28.5451371
0.533726341013036 0.495161599418461 28.6840259
0.664088484380296 0.763288912326069 28.7187482
-1.09441998270563 -1.14229492245714 28.857637
-0.19969827642942 -0.143850951304239 28.9618037
0.18818470886518 0.221116714456512 28.9965259
0.356151672722758 0.363565833357651 29.0312481
0.334703408874621 0.451224076696544 29.0659704
0.745637889271578 0.752676214643337 29.1354148
0.756982434142571 0.788085065919423 29.2395815
-1.38554328371101 -1.33473685170843 29.3090259
-1.47931850618344 -1.44010253406363 29.3437481
0.435616416881256 0.347547032603717 29.5173592
0.308721947889675 0.397741130314188 29.5520814
0.801541177997333 0.816771160735344 29.6215259
0.427341486492004 0.6021355752979 29.6562481
0.503854334881364 0.551525304672857 29.6909703
0.350905723856204 0.386352787776927 29.7604148
-1.47280916185032 -1.5818680641963 29.8298592
0.21407443528127 0.282099385036557 30.0034703
0.44906843345546 0.510740839918445 30.0729147
-1.58338239762379 -1.48455505958305 30.3159703
-0.58130585913071 -0.594020004405536 30.3854147
-0.25007087631684 -0.331677503384589 30.4201369
-0.292855179512222 -0.208106055195007 30.4548592
0.12875029860853 0.158853559728417 30.4895814
0.459055027321254 0.362442419070291 30.5243036
0.372927889025815 0.421315021836958 30.5590258
0.735573045053506 0.687100011940603 30.593748
-1.48769809518162 -1.5152401548236 30.8368036
-0.940461655335433 -0.848156224349832 30.8715258
0.400071131334144 0.314024154874722 31.0104147
0.430391535433644 0.374164241379273 31.0451369
0.516606864865042 0.551127995365769 31.0798591
0.702636874064551 0.766558864256275 31.218748
-0.660984848779434 -0.633378097686495 31.2881924
0.271339499440699 0.213776523324179 31.4965258
0.309929822734942 0.349828271964675 31.531248
0.299582847106387 0.432109176130155 31.5659702
0.703844654713307 0.713949543728889 31.6354146
-0.0407777957244458 -0.0953596516958354 31.7743035
-1.40926920659967 -1.32730719173803 31.843748
-0.671003539868317 -0.65418037157179 31.8784702
-0.402018915134303 -0.315596796259175 31.9131924
0.56847209913797 0.560212652613527 32.0868035
0.474905723190427 0.484274861737733 32.1909702
0.333554871437763 0.335936744793659 32.2604146
-0.845612350467654 -0.801607227423636 32.2951368
-0.412641308768453 -0.362481737369449 32.3993035
-0.201572230921732 -0.263192727117967 32.4340257
-0.0565737000068101 -0.0640080806289803 32.4687479
0.302589091500877 0.315807411035317 32.5381924
0.426889976276485 0.654096716327047 32.6076368
0.486837277332508 0.577037140854063 32.7465257
-0.20803758146302 -0.261983204541772 32.9201368
-0.192286708579573 -0.163520533917794 32.954859
0.196364083475366 0.281805053356394 33.0243034
0.577154236211535 0.608219039192292 33.1284701
0.390843246821518 0.417400816055456 33.1631923
0.41746534130408 0.452922673102346 33.1979145
0.150987559866938 0.11587174787137 33.267359
-1.01470251040268 -1.12224503288258 33.3368034
0.296031845675145 0.226163202487103 33.5104145
0.537174764194868 0.449060594798838 33.6493034
-1.04375287049883 -1.02042772808222 33.8229145
-0.704938356264154 -0.764642543556214 33.8576367
-0.162581994437694 -0.0932094624984557 33.9618034
0.220616013461236 0.230460453425723 34.0312478
0.608713195938933 0.454179399585979 34.1006923
0.466270139413117 0.467177216690546 34.2395811
-0.0816466917052493 -0.0600580905141838 34.2743034
-0.814706898082173 -0.773396768113403 34.3090256
-0.770389371461655 -0.82492629024063 34.3437478
-0.25491578547845 -0.403845863494924 34.37847
0.0745128892001784 0.045368985633349 34.4826367
0.193889933111576 0.212364149810188 34.5520811
0.478343436555597 0.3317047886753 34.5868033
0.370675222033742 0.425746835272555 34.6215256
0.390096214997568 0.31008478367017 34.6562478
0.161970443485392 0.191764043214178 34.7604144
-0.216808337017772 -0.144559887617725 34.9340255
0.311952660643422 0.225805461156633 35.0729144
-0.282724273335766 -0.155461975562625 35.2812477
-0.617945181427912 -0.596148619257099 35.31597
-0.52462187590684 -0.525718969285205 35.3506922
-0.263077520556284 -0.231800934725449 35.3854144
-0.243382971714805 -0.127558334159176 35.4201366
-0.124221736430133 -0.0788678257303548 35.4548588
-0.0507865185589336 0.0593125347861565 35.4895811
0.288622885060012 0.152634679025858 35.5590255
0.147911864785501 0.279209546960464 35.6284699
0.128053633948887 0.276978696728012 35.7326366
0.100323293604606 0.0509920931758907 35.7673588
-0.0495628492631742 -0.113728858688625 35.9062477
-0.0129384741429259 0.000919984303417202 35.9756921
0.0771515422166337 0.0917759591688052 36.0104144
0.15865908936225 0.107390795112656 36.0451366
0.254206541836214 0.155302176000215 36.0798588
0.0205524752410369 0.133021708442154 36.1840255
-0.178634937377818 -0.270876810270815 36.3576366
-0.097346229568325 -0.111206352177299 36.3923588
-0.0555087696843985 -0.031513564538984 36.4618032
0.136594968909966 0.0471357688425576 36.4965254
0.141838559062977 0.0753865245133672 36.5312477
0.181329352697946 0.0909644658139754 36.5659699
0.122627529857711 0.143215661055253 36.6354143
0.149383764037809 0.0945000837838081 36.6701365
0.157851016479884 0.136940056418452 36.739581
-0.0538243432144399 -0.0172528119731793 36.7743032
0.0732769794676535 -0.0509781592958998 36.9131921
-0.0247990853663952 -0.0362348983976137 36.9479143
0.00752905402846659 0.0113958233264762 36.9826365
0.0834058547003318 0.0460019141115284 37.0173587
0.104632025158316 0.0770736328740824 37.0868032
0.00984185491686479 0.0597474302572144 37.1909698
0.0826538463109838 0.0864141323460858 37.2256921
0.0966948889201376 -0.0876085683605259 37.2951365
-0.0396881779303325 -0.0345550702643691 37.3993032
-0.0264599627759528 -0.00551037642541807 37.4687476
0.071229082126898 0.0193040861008545 37.5034698
0.0526725773199077 0.0242836014877927 37.538192
-0.0519571630189353 -0.0138935289001648 37.7812476
-0.0915230728798854 -0.0149630087054033 37.8854142
0.056212108158694 -0.00373650427587238 37.9548587
0.010692339085667 0.00228872748351395 37.9895809
0.0380539855673745 0.0039539574240345 38.0243031
-0.0200480889879101 0.000551685506917437 38.1284698
-0.120341116492493 -0.00351927886954027 38.1979142
-0.00263998301214857 -0.00752570891057237 38.2326364
0.167140253537102 -0.00189904601185623 38.2673587
-0.0857837991368074 0.0175790680561882 38.3020809
-0.0416420452859885 0.0279942754897219 38.3368031
-0.0854325339016741 0.00904073237509778 38.4062475
-0.0259124351670987 -9.37312988970795e-05 38.475692
0.087267652128252 -0.0104159145362871 38.5104142
-0.024299247170058 -0.013458080048389 38.5451364
-0.0394115654558193 -0.0213399218908229 38.5798586
-0.123789830919401 -0.0326701345819733 38.6145809
-0.0235105351277195 -0.0281255677322132 38.6493031
0.0498768346581556 -0.0233317986746759 38.6840253
0.188790023255999 0.0289686319190706 38.8923586
0.0784146111355379 -0.0145484540120813 38.9965253
-0.113394018015616 -0.0518740772630232 39.1006919
-0.090039537272203 -0.0544628712882602 39.1354142
0.00517690655819092 -0.0377766876808957 39.1701364
-0.0610818220206255 -0.0603717866679929 39.2395808
0.135088313394936 0.115619521202281 39.3437475
-0.0347474530123814 0.0580460838540924 39.3784697
-0.0371573840758352 -0.00699716791811295 39.4826364
-0.0951119653600313 -0.0296052927945834 39.5173586
-0.120181415679972 -0.0545224551582605 39.586803
-0.122215285038254 -0.0713813359552197 39.6215252
-0.0823251653286495 -0.0529950428808007 39.6562475
-0.0746274941620561 -0.074226713594585 39.7256919
0.128062514099674 0.0832709114486638 39.7951363
0.10668058976846 0.142685107558654 39.8298586
-0.0324255947636914 0.028174065862575 39.9340252
0.121173193181962 0.00689288787214198 39.9687474
0.0446320282794834 -0.0256449393074056 40.0034697
0.0149304325261836 -0.0343440107365775 40.0381919
0.0552805768274708 -0.0649255022397386 40.1423585
-0.114917043917782 -0.0457802479432053 40.1770808
0.276198357034614 0.131325076472846 40.3159696
0.203442410010719 0.116719346621159 40.3506919
0.0504250446440463 0.0287152392690785 40.4201363
0.0306422868872445 -0.0135047217780526 40.4895807
-0.0307229074485991 -0.0350604024410872 40.5590252
-0.0643332126762607 -0.0564966458112832 40.5937474
-0.155361834747154 -0.0439052908412726 40.6631918
-0.0116998175017821 -0.0642088490636461 40.7326363
0.237087677820022 0.0856025375905107 40.8020807
0.259211650844918 0.111442387964533 40.8368029
-0.0117996909175938 -0.0238059629294816 41.0451363
-0.0486603957677099 -0.0410322841591611 41.2187474
0.0439081819097739 0.0310392277842084 41.2881918
0.150670671616899 0.0696413130523139 41.322914
0.154217106702995 0.0497563051728888 41.3576362
0.0216367757506889 -0.00720923190953161 41.4965251
0.0612841503432082 -0.0175072546369749 41.6006918
-0.0176494868340667 -0.0157349355446474 41.635414
0.0254370374503569 -0.00975723706304009 41.7048584
0.0746624935781556 -0.00917491579057718 41.7395807
0.258223574454728 0.00086685524514992 41.7743029
0.00316698252049378 0.00698554267511724 41.8090251
-0.0482158641038439 -0.000970714243631549 41.8784695
0.0298885669385396 -0.00163481604099118 41.9131918
-0.0307687599098678 -0.00207258154181508 41.947914
0.0501736587145792 0.00525235676810752 42.0173584
0.0453022475551634 0.0211723418454549 42.1215251
0.110902630388179 0.0178355577721377 42.1562473
-0.049464271789487 0.018402174212546 42.1909695
-0.0542776751981659 0.030969365521613 42.2256917
0.126686702079641 0.0158425481327503 42.260414
-0.0381136274998266 -0.0540437391735564 42.3645806
-0.0894018677903882 -0.0241775846988885 42.3993028
-0.0808633343653628 -0.00493615908072145 42.4687473
0.0258873616000721 0.0649449905366466 42.6076362
0.0879528915577699 0.0462009654804827 42.6770806
0.0332300836306615 0.0705140854783125 42.7118028
0.166081567134709 0.0711987149640511 42.746525
-0.144967090588009 -0.162209509623888 42.8159695
-0.137503039626937 -0.151353903075427 42.8506917
-0.0716298642032187 -0.0705324536678403 42.8854139
-0.0620213158482838 -0.0409794211819342 42.9201361
-0.0385831824894284 -0.0267264762943566 42.9548584
0.183790465289164 0.102015080672154 43.0937472
-0.00755140650192092 0.0871135044306844 43.1631917
-0.204709670946404 -0.28155582800309 43.3368028
-0.187132198686104 -0.162335081332004 43.371525
0.052596583878685 0.000643805026952637 43.4756917
0.120541973608522 0.124672501368823 43.5798583
0.0879984908047096 0.183161833885258 43.6145805
0.176599423189922 0.152069516356353 43.6493028
-0.212015871758885 -0.166873846256531 43.7881916
-0.0541227872074196 -0.133629333066866 43.8923583
-0.147027670715276 -0.0884981068051463 43.9270805
-0.167855731905108 -0.0414405860543284 43.9618027
0.176326482748588 0.236714109150021 44.1354138
-0.291760937537074 -0.251312822939977 44.3784694
-0.182127834526965 -0.12372571615644 44.4131916
-0.109291111588704 -0.0924913791884724 44.4479138
-0.0114846554994127 0.0306112847423662 44.482636
0.101111520333425 0.130155379456821 44.5173583
0.174369824693231 0.151177327666242 44.5520805
0.160224745586862 0.242506986589916 44.5868027
-0.619704953244583 -0.673457631428973 44.8298582
-0.186175123143771 -0.185994398243487 44.8993027
-0.140247415177707 -0.137544303573343 44.9340249
-0.178053422026644 -0.0340696932492762 44.9687471
0.322808907792184 0.344109020268201 45.1423582
0.323682676398437 0.362972789236776 45.2118027
0.414129046574481 0.354216213162425 45.2465249
-0.093926416074394 -0.19227227755155 45.2812471
-0.670008267686846 -0.757070522498188 45.3159693
-0.389116660590085 -0.310391813666405 45.3854138
-0.167672024653141 -0.111382514083906 45.4548582
0.0796988750793586 0.0860288862975017 45.4895804
0.123699245090371 0.198628302204158 45.5243026
0.272022633052056 0.385464636202413 45.5937471
0.507080939718371 0.451123997494077 45.6284693
0.352294944948587 0.347475550631323 45.6979137
0.529245678191278 0.485801320417116 45.732636
0.00688429786673955 0.0919540344918364 45.7673582
-0.710129202227346 -0.686055409950221 45.8020804
-0.604038419199799 -0.521218634014193 45.8715248
-0.236344562426644 -0.177696081765536 45.9409693
0.217902149513791 0.201694410604794 46.0104137
0.304164336327763 0.361793038241437 46.0798582
0.268558039151009 0.338805245163262 46.1840248
0.433029566962332 0.525389624436069 46.218747
0.279954840617498 0.381369634653359 46.2534693
-0.504456231123714 -0.44344366865127 46.2881915
-0.936093172314564 -1.05656996939429 46.3229137
-0.851338946584068 -0.804978721090698 46.3576359
0.0807114541302824 0.159424362508704 46.4965248
0.392920832703351 0.492305075915521 46.7048581
-1.02212264507534 -1.01147052782829 46.8090248
-1.1251122162622 -1.09725172030093 46.843747
-0.528511725853411 -0.546335718385691 46.8784692
0.0445896464814386 0.0645800104019749 46.9826359
0.333290269707004 0.271936904443118 47.0173581
0.363768153671994 0.31285002217852 47.0520803
0.517599736351238 0.442924338695144 47.1909692
0.689973360491348 0.672755164678702 47.2256914
0.392312510775108 0.313515171269936 47.2604136
-0.760976906435763 -0.755563812136454 47.2951359
-0.776989381277367 -0.842957144476081 47.3645803
0.225972350684466 0.237143346556126 47.5034692
0.271114525977643 0.319304525913651 47.5381914
0.347385676220455 0.433659851768437 47.5729136
0.624591886047397 0.67471960441228 47.6076358
0.562880143491662 0.615819785548632 47.6423581
-0.293089644125353 -0.333824476648101 47.7812469
-1.30848037587118 -1.304796387447 47.8159692
-0.571807783255214 -0.527236214266881 47.8854136
-0.359338951504115 -0.295816999133406 47.9201358
0.434951224494069 0.327988180455731 48.0243025
0.366367403246392 0.383108106281182 48.0590247
0.539506343651931 0.627810080429908 48.0937469
0.524221757214016 0.554628008987189 48.1979136
-1.06710641886503 -1.07370368528575 48.3020802
-1.3728969981911 -1.43180189847452 48.3368025
-0.358149519945032 -0.352143886822948 48.4062469
0.311794014325421 0.303884810087233 48.5104136
0.700651528013876 0.77415074839363 48.6145802
-1.08600536156206 -1.1423209587753 48.8576358
0.370629112108341 0.363564876633868 49.0312469
0.503327069288857 0.451216145394579 49.0659691
0.86206515539501 0.752684127269346 49.1354135
0.800748120729346 0.788096497479238 49.2395802
-1.35468541369307 -1.33470635259787 49.3090246
-0.399989026071795 -0.345732809119135 49.4131913
-0.295285250754734 -0.254527316056675 49.4479135
0.0182792532727641 0.0829693301000295 49.4826357
0.423894455890578 0.397737800974424 49.5520802
0.712991350890308 0.816772307483516 49.6215246
-1.14655865406186 -1.02314292500611 49.8645801
-0.472409273185709 -0.425218253266371 49.8993024
-0.233609555099405 -0.310279658917573 49.9340246
-0.0671628079087485 -0.0758483165688442 49.9687468
0.472923286092434 0.507871995955161 50.1770801
0.785984811230105 0.738637776685272 50.2118023
0.687056954157396 0.711910262221076 50.2465246
-1.49266537857114 -1.48453503645448 50.315969
-0.588879949856701 -0.594040906005279 50.3854134
0.235828064816641 0.158840073644644 50.4895801
0.453838830872243 0.362440418860356 50.5243023
0.511996538341039 0.421309295040461 50.5590245
0.756319563626416 0.687089841585583 50.5937468
0.818152761805837 0.79485572999996 50.628469
0.681335822653284 0.548425506436304 50.6631912
0.29923339197919 0.154778616165606 50.7673579
-1.04777887780398 -1.14172341404437 50.8020801
-1.53078504579691 -1.5152521270369 50.8368023
-0.921726809435648 -0.84818435027509 50.8715245
0.387806010705382 0.374162400727172 51.0451356
0.511855793357461 0.551116925243903 51.0798578
0.808077345976545 0.788632553678703 51.1145801
0.599067828254788 0.637995004441825 51.1493023
0.564790841337637 0.499647929573477 51.1840245
0.705341245980276 0.550523328048668 51.2534689
-1.05745762351326 -1.12562234882284 51.3576356
-0.419596956670702 -0.472051444168889 51.3923578
0.216407213273573 0.213765705233106 51.4965245
0.63719178922379 0.482983560406126 51.6701356
0.614766435525232 0.620393959233456 51.7048578
0.834219746860263 0.736900992080812 51.73958
-1.21593406731694 -1.32732577778444 51.8437467
-0.642863162444157 -0.654203527342004 51.8784689
-0.545637768582412 -0.315600371158226 51.9131911
-0.254555801145732 -0.231226192655762 51.9479133
0.107330142964298 0.0750090114305585 51.9826356
0.26390020927271 0.356114270297981 52.05208
0.44001551017829 0.531315259607831 52.1562467
0.548358363430778 0.484267637971478 52.1909689
0.138266614067099 0.335970947387132 52.2604133
-0.785051358305445 -0.801566584685284 52.2951355
-1.3809610351796 -1.36193732151943 52.3298578
-0.309761433281707 -0.263195265869758 52.4340244
0.241383829481867 0.236904605497882 52.5034689
0.31965872116004 0.315806626927993 52.5381911
0.671557761478624 0.654091564716789 52.6076355
0.599814408078626 0.591043770375391 52.6423577
0.378042448828476 0.415890813025283 52.67708
0.620063513823042 0.601786034504273 52.7118022
-1.09287392442288 -1.19099975950743 52.8159688
-1.01273871669147 -1.05991479137004 52.8506911
-0.365812970947087 -0.471670352880873 52.8854133
-0.182965527600374 -0.16352854787134 52.9548577
0.32303335755263 0.281803669273278 53.0243022
0.564170599970661 0.528577777240467 53.0937466
0.364851357369048 0.417406904971636 53.163191
0.395152957623424 0.452914925630795 53.1979133
0.754896670677539 0.622647643315394 53.2326355
-0.908762088649334 -0.850266464929102 53.3020799
-1.05502859239034 -1.1222541316497 53.3368021
-0.643553694935074 -0.624732467495135 53.3715244
0.190231135178861 0.267947981554759 53.5451355
0.283932962832953 0.392418525685225 53.5798577
0.473019674938959 0.558318663134892 53.6145799
0.311180565091023 0.44906817448342 53.6493021
0.287134696612996 0.349645766592298 53.6840243
0.602115836556909 0.533285639258547 53.7187466
0.339665934235754 0.380746809945967 53.7534688
-0.312611548477042 -0.435419547758118 53.788191
-1.03263230609513 -1.02042231725416 53.8229132
-0.830987821059479 -0.764661733069269 53.8576354
-0.225087208997652 -0.204963398325415 53.9270799
0.18881002205646 0.230459891449493 54.0312465
0.278816488815808 0.310207180988494 54.1701354
0.400133716903145 0.39589131850834 54.2048576
0.472998402368137 0.467183654790181 54.2395799
-0.00640184297678156 -0.0600286461602102 54.2743021
-0.365700324559553 -0.40386026060187 54.3784687
-0.0858894308287071 -0.140806712574277 54.4479132
0.197128646737753 0.187782698700552 54.5173576
0.155308326479893 0.212362318978508 54.5520798
0.450562991660922 0.418789142382276 54.7256909
-0.424935949035098 -0.45411410626764 54.7951354
-0.0634250012776134 -0.0348851781666887 54.9687465
0.141878675143627 0.169320660413956 55.0381909
0.303242575093339 0.225801106776309 55.0729131
0.403855102699804 0.309068849850994 55.1423576
0.302124878218707 0.294035184432736 55.2465242
-0.183179541609613 -0.155442244307543 55.2812465
-0.408890188040616 -0.525729531627792 55.3506909
-0.319751917969295 -0.231809216678293 55.3854131
0.0688307876972046 0.133313684413972 55.524302
0.305236415148306 0.245129264820349 55.5937464
0.124217282258199 0.18964679161367 55.6631909
0.266818068868876 0.203632335241647 55.6979131
0.210440427266826 0.276979863943761 55.7326353
0.0891168244949647 0.0510071564475749 55.7673575
-0.382936966324219 -0.370069433233957 55.8020798
-0.202789956908173 -0.265847448272399 55.8715242
-0.0197418237138539 -0.113731037266895 55.9062464
-0.00640021549368864 0.000915944381970915 55.9756909
0.135265875414774 0.0917742397038122 56.0104131
-0.0198727863798486 0.10739034015361 56.0451353
0.199548030800702 0.218124089511537 56.1145797
0.0875814713627381 0.173151424096593 56.149302
0.155364460470518 0.140905735282806 56.2534686
-0.367895464667572 -0.366905932047872 56.3229131
-0.127841237852034 -0.111210026974363 56.3923575
-0.0837245646374979 -0.0704084248939397 56.4270797
0.16176680089129 0.0945009300107831 56.6701353
0.107442913521507 0.118333403477992 56.7048575
-0.0865197515348628 -0.217634637863656 56.8090241
-0.361894090169891 -0.227249125289606 56.8437464
-0.0834286738935635 -0.108834999462776 56.8784686
0.0985414061791061 -0.050978793772975 56.9131908
-0.0689157651681171 0.011393815864138 56.9826352
-0.00561387438746978 0.0506899263233788 57.0520797
0.0680868367910293 0.0961992422104497 57.1215241
0.074546102862952 0.0680602336854803 57.1562463
0.0695356231629514 0.0864138430079613 57.2256908
0.005627063967295 0.0382927359697752 57.260413
-0.006279622669768 -0.14249247330296 57.3298574
-0.0259254652390679 -0.0345560439628226 57.3993019
0.0533476658822808 -0.0238719709223467 57.4340241
-0.215681770344834 -0.00551142871270678 57.4687463
0.124114055227414 0.0443178291841821 57.6076352
0.117171976386789 0.0243995575724722 57.6770796
-0.00154228431580779 0.0325832527250906 57.7118019
0.0127417279784477 0.0286416601129197 57.7465241
0.104037150400987 -0.013891665674062 57.7812463
-0.0120489795737675 -0.0149635699449304 57.885413
0.0761943680868048 0.00278432075213646 58.0937463
0.0340269876406815 -0.00752564266758433 58.2326352
0.0168008528944538 0.0279943233403178 58.3368018
-0.00241149696371693 0.0182420607918352 58.371524
-0.0913611694955907 0.00904084906210008 58.4062463
-0.151295202437428 -9.32848415942603e-05 58.4756907
-0.0342609447998096 -0.0326699471244059 58.6145796
-0.00942947302827222 -0.0285051600958081 58.7534685
0.0490475633081994 0.0846128705866166 58.8229129
0.111065289660313 0.0664604713251533 58.8576351
0.0427633858251761 0.00920655812652109 58.9618018
-0.0386359337645762 -0.0145477005132419 58.996524
-0.0210459543044218 -0.0245533142139757 59.0312462
0.0418976280078123 -0.0496913105600375 59.2048573
-0.0381253324638675 -0.0603726233490119 59.2395795
0.0646568021752367 0.00797706687717675 59.2743018
0.13997137596234 0.105601821804138 59.309024
0.18006369185774 0.0580480994068179 59.3784684
0.03574144287053 0.0284983458252071 59.4131906
-0.0769879737950002 -0.00699592299905408 59.4826351
-0.0667558636292718 -0.0341977535071873 59.5520795
-0.0545762049235547 -0.0713814101835569 59.621524
-0.0720451858448872 -0.0529959226120521 59.6562462
-0.0608356834484736 -0.0488464002052749 59.6909684
0.0124282251352371 -0.0345851108244985 59.7604128
0.0284272576676234 0.0832669887973367 59.7951351
-0.0971610420365704 0.0385512140252838 59.8993017
0.19462769143401 0.0518393182094687 60.3854128
0.059489470144303 0.0287154395135461 60.420135
0.0921205581553518 0.0178624078946066 60.4548572
-0.0525683329909055 -0.0304984809576198 60.5243017
-0.0579007358179518 -0.064520501021409 60.6284683
-0.1961592615669 -0.0439058956061432 60.6631906
-0.0218801882450001 -0.0471941210590628 60.6979128
-0.0311260819969705 -0.0642091200739342 60.732635
0.0473306947923616 0.11144327714908 60.8368017
0.0236866692969046 0.0611173607858536 60.8715239
0.0947986654089772 -0.000206555344285956 60.9756905
0.0126442392256016 -0.0205497612502357 61.0104128
-0.0519232443394394 -0.0340260119493253 61.0798572
-0.0210524058613969 -0.0471519798683848 61.1145794
-0.132084497342499 -0.0368579186784563 61.1493016
0.0550460399862704 -0.0278223086706365 61.1840239
-0.175999912551884 -0.0410318712524231 61.2187461
-0.0992653678875892 -0.0282442125722214 61.2534683
0.0788859051232045 0.0310368721579424 61.2881905
0.0934263879775301 0.0119449360330733 61.4270794
-0.117429701498487 0.00509492728923834 61.4618016
0.0353100677810008 -0.00720888922695264 61.4965238
0.0133423515846669 -0.0108159738029925 61.5312461
-0.0146089540686944 -0.012114209992947 61.5659683
-0.0617836712784807 -0.0175071181145436 61.6006905
-0.0762614906929986 -0.0157351860018077 61.6354127
0.00155717209736298 -0.00917514203198996 61.7395794
0.0861698733387058 0.000866442093017324 61.7743016
-0.0982728060682531 0.00698554548543916 61.8090238
-0.0714502766126833 0.00282238990779606 61.843746
0.114180399107922 -0.00163479037167671 61.9131905
-0.0874440279615728 -0.00207260929285831 61.9479127
-0.178272163898646 0.00742504297836828 62.0520794
0.0190706137773895 0.0178357743856844 62.156246
0.0427400115846069 0.0184018185050062 62.1909682
-0.0763483876870846 -0.0772478160103981 62.3298571
-0.115807425841661 -0.0540451746210402 62.3645793
6.15314632195808e-05 -0.0241781091018157 62.3993016
-0.0314538844166037 -0.0189106760213444 62.4340238
0.0602180912443238 -0.00493707902885698 62.468746
0.0408203068257408 0.0195403240694908 62.5034682
0.0768110607201651 0.0277812132375632 62.5381904
0.0692152428288997 0.0462009036273563 62.6770793
0.0993663619504271 0.0705127974262578 62.7118015
0.0138050781413349 -0.0399238830359271 62.781246
-0.188453919036361 -0.026727742643844 62.9548571
0.0577970267401477 0.0211803321074426 62.9895793
-0.045126120328959 0.0501378690804892 63.0243015
0.147792770692963 0.122113490806909 63.1284682
0.180081695416303 0.0871146500110758 63.1631904
0.108434123911477 0.140134138876368 63.2326348
-0.219486143935611 -0.162340286353598 63.3715237
-0.0788320242344991 -0.0727319201671319 63.4062459
0.0547679169299189 -0.0573385084858045 63.4409682
0.0077865774048581 0.000640736714636632 63.4756904
0.1351889501721 0.124669873307688 63.579857
0.144522342170577 0.183161108102585 63.6145793
0.114759604811362 0.152071903413467 63.6493015
-0.176752153875668 -0.166861741054471 63.7881904
-0.515438474024341 -0.403050115099062 63.8229126
-0.223946893463435 -0.311211235888267 63.8576348
-0.157353763805609 -0.133633524001855 63.892357
-0.229990813115187 -0.0884985689415325 63.9270792
0.0636153079878269 0.0648498034843255 63.9965237
0.2094304805381 0.226469413147349 64.1006903
-0.582425347960215 -0.455712562380962 64.3090237
-0.106386450015905 -0.251321526708817 64.3784681
0.0721766584894263 0.151175873405464 64.5520792
0.223933297012486 0.319643703193738 64.6215236
0.37228956194426 0.340377669494748 64.7256903
0.233103891392448 0.160043679530478 64.7604125
-0.40288023238275 -0.389029022047503 64.7951347
-0.657384903130056 -0.673458174722737 64.829857
-0.11201339909496 -0.0340761073511327 64.9687458
0.241815167500829 0.174266856979866 65.0381903
0.260682108333657 0.238561655367022 65.0729125
0.370108815215417 0.362966632741248 65.2118014
-0.632650354181493 -0.685550102436974 65.3506903
-0.040750698633217 -0.111387900918091 65.4548569
0.181817067477267 0.233613721709883 65.5590236
0.348881585878181 0.314877157345914 65.6631902
0.415838163789298 0.485802866050887 65.7326347
0.249634730936565 0.0919810987224545 65.7673569
-0.488938232836051 -0.521234387514588 65.8715236
-0.231908943116312 -0.22937640881332 65.9062458
-0.212378579139783 -0.177699042790494 65.940968
0.346189209318611 0.36178562396554 66.0798569
0.445487498412143 0.52335475906386 66.1145791
0.432480105509643 0.427992065439475 66.1493013
0.566645321181188 0.525383806752776 66.2187458
0.345089918606959 0.381389870739601 66.253468
-1.11401982169699 -1.05656371014873 66.3229124
-0.33826446592473 -0.223054150533573 66.4270791
-0.062921439672551 -0.103149147965571 66.4618013
0.287226370328073 0.263624326366279 66.5312457
0.314077249243626 0.329020010718374 66.565968
0.516040616795403 0.555009125163721 66.6354124
0.331116014688634 0.312847124061706 67.052079
0.551950400975366 0.649192464196945 67.1215235
0.209405079231805 0.313544523816919 67.2604124
-0.857716974150511 -0.755525218159941 67.2951346
-1.32224101572925 -1.29669406622786 67.3298568
-0.787070134069225 -0.842981771870506 67.364579
-0.301586415965653 -0.35212035690204 67.3993012
0.197173373079999 0.237135761529284 67.5034679
0.533919945142675 0.43365119216525 67.5729123
0.593697226193654 0.674714465136504 67.6076346
0.604860484035171 0.639707966485093 67.7118012
0.567792004566566 0.619626627933203 67.7465234
-0.284559507895157 -0.29581891627527 67.9201345
-0.310353360812627 -0.186525319149604 67.9548568
0.226817153117017 0.143036959051825 67.989579
0.413336333816813 0.327986310797989 68.0243012
0.452233076688609 0.383102829847391 68.0590234
0.500163672613312 0.505961364434738 68.1631901
0.852069460464387 0.770309289768694 68.2326345
0.179323266626783 0.144901567549336 68.2673567
-0.203295374187608 -0.271096213347012 68.4409678
0.0155281705976455 0.00295635146656343 68.4756901
0.324544115634349 0.303878857655656 68.5104123
0.479836283963543 0.629272036871125 68.6493012
-1.18039489706529 -1.14234916443081 68.8576345
-0.409649466205252 -0.481351902932814 68.8923567
0.228255965110993 0.221095120089543 68.9965234
0.277388215422077 0.363563840092445 69.0312456
0.443857075230769 0.511624548142213 69.1701345
-1.37397666865096 -1.33467585161783 69.3090233
