"Magnitud","Time"
0.0575736,827.437372699361
0.0792503,827.457807199361
0.0973064,827.478241699361
0.1194937,827.498676199361
0.1613445,827.539545199361
0.1695084,827.559979699361
0.1791674,827.600848699361
0.2030504,827.621283199361
0.2774558,827.662152199361
0.3113354,827.682586699361
0.319853,827.703021199361
0.2523992,827.723455699361
-0.0338157,827.989104199361
-0.0007713,828.009538699361
0.052467,828.050407699361
0.074483,828.070842199361
0.0951387,828.091276699361
0.1163823,828.111711199361
0.159711,828.152580199361
0.1720199,828.173014699361
0.1775355,828.213883699361
0.1955715,828.234318199361
0.2660246,828.275187199361
0.2974247,828.295621699361
0.324225,828.316056199361
0.295796,828.336490699361
-0.1659763,828.377359699361
-0.3624166,828.397794199361
-0.4235612,828.438663199361
-0.3619761,828.459097699361
-0.0479586,828.602139199361
-0.0152167,828.622573699361
0.0839228,828.704311699361
0.1051465,828.724746199361
0.1519563,828.765615199361
0.1692862,828.786049699361
0.1754168,828.826918699361
0.1874396,828.847353199361
0.2516781,828.888222199361
0.2912128,828.908656699361
0.3210324,828.929091199361
0.3181027,828.949525699361
-0.3292774,829.092567199361
-0.2753506,829.113001699361
-0.1815381,829.153870699361
-0.1380112,829.174305199361
-0.0594604,829.215174199361
-0.0263152,829.235608699361
0.0340663,829.276477699361
0.0587298,829.296912199361
0.1482238,829.378650199361
0.1687095,829.399084699361
0.1784884,829.439953699361
0.1840537,829.460388199361
0.2044502,829.480822699361
0.2384404,829.501257199361
0.3128479,829.542126199361
0.3294358,829.562560699361
0.0460521,829.603429699361
-0.2217524,829.623864199361
-0.2017145,829.766905699361
-0.1568449,829.787340199361
-0.0748734,829.828209199361
-0.0392128,829.848643699361
-0.0063347,829.869078199361
0.0232107,829.889512699361
0.1373385,829.991685199361
0.1604255,830.012119699361
0.1770604,830.052988699361
0.178544,830.073423199361
0.1919885,830.093857699361
0.2238324,830.114292199361
0.3024372,830.155161199361
0.3276505,830.175595699361
0.1705593,830.216464699361
-0.1461546,830.236899199361
-0.3790182,830.318637199361
-0.3193263,830.339071699361
-0.2171179,830.379940699361
-0.1709063,830.400375199361
-0.0130268,830.482113199361
0.0169156,830.502547699361
0.1766942,830.666023699361
0.1773749,830.686458199361
0.1854344,830.706892699361
0.2109217,830.727327199361
0.2870077,830.768196199361
0.3206824,830.788630699361
0.2524782,830.829499699361
-0.0373651,830.849934199361
-0.4085052,830.931672199361
-0.3459421,830.952106699361
-0.2397629,830.992975699361
-0.1914799,831.013410199361
-0.1036218,831.054279199361
-0.0638448,831.074713699361
-0.0301591,831.095148199361
0.0008083,831.115582699361
0.0543308,831.156451699361
0.0754017,831.176886199361
0.0977237,831.197320699361
0.1210114,831.217755199361
0.1439951,831.238189699361
0.1768579,831.279058699361
0.175239,831.299493199361
0.3336124,831.422100199361
0.3019001,831.442534699361
-0.2065135,831.483403699361
-0.4160018,831.503838199361
-0.4331037,831.544707199361
-0.3690385,831.565141699361
-0.2542425,831.606010699361
-0.2074733,831.626445199361
-0.1607304,831.646879699361
-0.1173047,831.667314199361
-0.076112,831.687748699361
0.049336,831.769486699361
0.072879,831.789921199361
0.0939561,831.810355699361
0.1170204,831.830790199361
0.1641846,831.871659199361
0.1791659,831.892093699361
0.1805707,831.932962699361
0.1941175,831.953397199361
0.2206979,831.973831699361
0.2588937,831.994266199361
0.3003288,832.014700699361
-0.4841194,832.137307699361
-0.4589777,832.157742199361
-0.179672,832.259914699361
-0.1344433,832.280349199361
-0.0560648,832.321218199361
-0.0210848,832.341652699361
0.0367725,832.382521699361
0.0599342,832.402956199361
0.171719,832.505128699361
0.1776561,832.525563199361
0.1751769,832.545997699361
0.1825887,832.566432199361
0.2059489,832.586866699361
0.24174,832.607301199361
0.3212779,832.648170199361
0.3370318,832.668604699361
0.2792352,832.689039199361
-0.1945398,832.872949699361
-0.1483581,832.893384199361
-0.0647867,832.934253199361
-0.0302419,832.954687699361
0.0291985,832.995556699361
0.0552752,833.015991199361
0.0989984,833.056860199361
0.1225455,833.077294699361
0.1477306,833.097729199361
0.1707673,833.118163699361
0.1807587,833.138598199361
0.1800794,833.159032699361
0.1811068,833.179467199361
0.1985577,833.199901699361
0.231213,833.220336199361
0.2722503,833.240770699361
0.3124725,833.261205199361
0.3397862,833.281639699361
0.155009,833.322508699361
-0.1830629,833.342943199361
-0.3803967,833.424681199361
-0.3186121,833.445115699361
-0.2639239,833.465550199361
-0.0803929,833.547288199361
-0.0434368,833.567722699361
0.0183113,833.608591699361
0.0439407,833.629026199361
0.0665357,833.649460699361
0.1097152,833.690329699361
0.1335423,833.710764199361
0.1576251,833.731198699361
0.1739929,833.792502199361
0.1855318,833.812936699361
0.2129486,833.833371199361
0.2510677,833.853805699361
0.2920383,833.874240199361
0.3281302,833.894674699361
0.3347973,833.915109199361
-0.4862201,833.996847199361
-0.4707658,834.017281699361
-0.3414824,834.058150699361
-0.2843834,834.078585199361
-0.2312577,834.099019699361
-0.1824822,834.119454199361
0.1257256,834.323799199361
0.1520227,834.344233699361
0.1729143,834.364668199361
0.1794269,834.385102699361
0.1768559,834.405537199361
0.3431392,834.528144199361
0.2992199,834.548578699361
0.064903,834.569013199361
-0.2495883,834.712054699361
-0.1987315,834.732489199361
-0.15102,834.752923699361
-0.0006475,834.834661699361
0.0272999,834.855096199361
0.0509854,834.875530699361
0.0740721,834.895965199361
0.1659303,834.977703199361
0.1784174,834.998137699361
0.3256876,835.161613699361
0.1882898,835.182048199361
-0.1550711,835.202482699361
-0.4580109,835.263786199361
-0.391481,835.284220699361
-0.1705224,835.365958699361
-0.1251109,835.386393199361
-0.0832455,835.406827699361
0.0421271,835.488565699361
0.0656044,835.509000199361
0.0874527,835.529434699361
0.1572972,835.590738199361
0.1765545,835.611172699361
0.1775404,835.631607199361
0.1728222,835.652041699361
0.1836907,835.672476199361
0.2097059,835.692910699361
0.2483516,835.713345199361
0.2904351,835.733779699361
0.3276123,835.754214199361
-0.4163506,835.897255699361
-0.3512766,835.917690199361
0.0047758,836.081166199361
0.0310964,836.101600699361
0.0785948,836.142469699361
0.0999755,836.162904199361
0.1240277,836.183338699361
0.1492073,836.203773199361
0.1717058,836.224207699361
0.1794152,836.244642199361
0.1741382,836.265076699361
0.1774407,836.285511199361
0.1983005,836.305945699361
0.2315683,836.326380199361
0.2746684,836.346814699361
0.3153021,836.367249199361
0.3416905,836.387683699361
0.3098819,836.408118199361
0.1079553,836.428552699361
-0.2180121,836.448987199361
-0.4285,836.469421699361
-0.3717194,836.530725199361
-0.3101955,836.551159699361
-0.2565967,836.571594199361
-0.2046678,836.592028699361
-0.1568375,836.612463199361
-0.11174,836.632897699361
0.0702641,836.755504699361
0.0921341,836.775939199361
0.1132472,836.796373699361
0.1388971,836.816808199361
0.1640571,836.837242699361
0.177638,836.857677199361
0.2154956,837.041587699361
-0.1191172,837.062022199361
-0.3509393,837.082456699361
-0.4868584,837.102891199361
-0.4586824,837.123325699361
-0.3953939,837.143760199361
-0.3327804,837.164194699361
-0.2759088,837.184629199361
-0.2230816,837.205063699361
0.0625956,837.368539699361
0.0835404,837.388974199361
0.105405,837.409408699361
0.1268373,837.429843199361
0.1511217,837.450277699361
0.1728191,837.470712199361
0.2043962,837.552450199361
0.2403877,837.572884699361
0.2838644,837.593319199361
0.3239729,837.613753699361
0.3394666,837.634188199361
0.2794191,837.654622699361
-0.2693036,837.695491699361
-0.4579877,837.715926199361
-0.2435565,837.818098699361
-0.1926395,837.838533199361
-0.1442981,837.858967699361
0.0033713,837.940705699361
0.03058,837.961140199361
0.0539655,837.981574699361
0.0764149,838.002009199361
0.0975977,838.022443699361
0.1186523,838.042878199361
0.1722422,838.124616199361
0.1734203,838.145050699361
0.3128558,838.267657699361
0.141467,838.288092199361
-0.1856953,838.308526699361
-0.4789968,838.349395699361
-0.4376551,838.369830199361
-0.3160561,838.410699199361
-0.2629146,838.431133699361
-0.2111483,838.451568199361
-0.1626671,838.472002699361
-0.1171056,838.492437199361
-0.0414394,838.533306199361
-0.0100437,838.553740699361
0.0186124,838.574175199361
0.043379,838.594609699361
0.0874066,838.635478699361
0.1085087,838.655913199361
0.1335965,838.676347699361
0.1576903,838.696782199361
0.1744639,838.717216699361
0.172844,838.758085699361
0.1828792,838.778520199361
0.2121109,838.798954699361
0.2500267,838.819389199361
0.2935548,838.839823699361
0.3265415,838.860258199361
0.327649,838.880692699361
-0.0836236,838.921561699361
-0.31466,838.941996199361
-0.4554461,838.982865199361
-0.3965937,839.003299699361
-0.2276247,839.064603199361
-0.1787697,839.085037699361
-0.0908367,839.125906699361
-0.053405,839.146341199361
-0.0193763,839.166775699361
0.0092492,839.187210199361
0.0367365,839.207644699361
0.0588991,839.228079199361
0.0807747,839.248513699361
0.1013214,839.268948199361
0.1767117,839.350686199361
0.1723209,839.371120699361
0.1980078,839.411989699361
0.2353664,839.432424199361
0.2765956,839.452858699361
0.3162908,839.473293199361
0.3329107,839.493727699361
0.2828876,839.514162199361
0.0447803,839.534596699361
-0.4242131,839.575465699361
-0.4652374,839.595900199361
-0.4162153,839.616334699361
-0.3561947,839.636769199361
-0.3008895,839.657203699361
-0.1953807,839.698072699361
-0.1474558,839.718507199361
0.0257036,839.820679699361
0.0496469,839.841114199361
0.0714622,839.861548699361
0.0925514,839.881983199361
0.1141957,839.902417699361
0.1388779,839.922852199361
0.1610064,839.943286699361
0.1724282,839.984155699361
0.1718929,840.004590199361
0.1897695,840.025024699361
0.2614189,840.065893699361
0.3010404,840.086328199361
0.1513096,840.147631699361
-0.1556942,840.168066199361
-0.4653291,840.208935199361
-0.4353934,840.229369699361
-0.3169593,840.270238699361
-0.2624833,840.290673199361
-0.2121176,840.311107699361
-0.1198374,840.351976699361
-0.0791885,840.372411199361
-0.044165,840.392845699361
-0.012259,840.413280199361
0.0148676,840.433714699361
0.1064513,840.515452699361
0.128469,840.535887199361
0.170541,840.576756199361
0.1729717,840.597190699361
0.1708875,840.617625199361
0.1803744,840.638059699361
0.2083686,840.658494199361
0.2439068,840.678928699361
0.2841118,840.699363199361
0.318259,840.719797699361
0.2384144,840.760666699361
-0.0499004,840.781101199361
-0.2772225,840.801535699361
-0.4424006,840.821970199361
-0.3957177,840.862839199361
-0.3361337,840.883273699361
-0.2305868,840.924142699361
-0.1828829,840.944577199361
-0.1357511,840.965011699361
-0.093519,840.985446199361
-0.0251202,841.026315199361
0.0056898,841.046749699361
0.0314823,841.067184199361
0.055238,841.087618699361
0.0752945,841.108053199361
0.0964216,841.128487699361
0.1174882,841.148922199361
0.1421688,841.169356699361
0.2272631,841.291963699361
0.2688844,841.312398199361
0.3266785,841.353267199361
0.2853674,841.373701699361
-0.2008369,841.414570699361
-0.3884946,841.435005199361
-0.4536829,841.455439699361
-0.4131909,841.475874199361
-0.2990511,841.516743199361
-0.2471284,841.537177699361
-0.19847,841.557612199361
-0.1533558,841.578046699361
-0.1095196,841.598481199361
-0.0367896,841.639350199361
-0.0056344,841.659784699361
0.0868838,841.741522699361
0.10785,841.761957199361
0.1552282,841.802826199361
0.1691905,841.823260699361
0.1694166,841.864129699361
0.1839419,841.884564199361
0.2535027,841.925433199361
0.2926782,841.945867699361
-0.1209073,842.027605699361
-0.3139247,842.048040199361
-0.4277136,842.088909199361
-0.3738668,842.109343699361
-0.2644127,842.150212699361
-0.2148644,842.170647199361
-0.1677128,842.191081699361
-0.1241573,842.211516199361
-0.0839827,842.231950699361
-0.0479114,842.252385199361
-0.0168815,842.272819699361
0.0115196,842.293254199361
0.0368148,842.313688699361
0.0591792,842.334123199361
0.0995185,842.374992199361
0.1214232,842.395426699361
0.1707198,842.456730199361
0.1689031,842.477164699361
0.3110847,842.579337199361
0.3188218,842.599771699361
-0.0193649,842.640640699361
-0.2411056,842.661075199361
-0.4104659,842.681509699361
-0.4384599,842.701944199361
-0.3915374,842.722378699361
-0.3357566,842.742813199361
-0.2834735,842.763247699361
-0.2335524,842.783682199361
-0.1875224,842.804116699361
-0.1410147,842.824551199361
-0.0993671,842.844985699361
-0.0613117,842.865420199361
0.0023746,842.906289199361
0.0290316,842.926723699361
0.0513439,842.947158199361
0.0720178,842.967592699361
0.0926489,842.988027199361
0.1363542,843.028896199361
0.1594246,843.049330699361
0.2225896,843.151503199361
0.2617421,843.171937699361
0.2862104,843.233241199361
0.1004187,843.253675699361
-0.1701086,843.274110199361
-0.4074462,843.335413699361
-0.3536314,843.355848199361
-0.2023775,843.417151699361
-0.1569014,843.437586199361
-0.0418127,843.498889699361
-0.0106871,843.519324199361
0.0177983,843.539758699361
0.1037904,843.621496699361
0.1262392,843.641931199361
0.1676541,843.682800199361
0.1683636,843.703234699361
0.1800099,843.744103699361
0.2088568,843.764538199361
0.2460012,843.784972699361
0.285923,843.805407199361
0.3160872,843.825841699361
0.1923743,843.866710699361
-0.0894412,843.887145199361
-0.2716691,843.907579699361
-0.4181058,843.928014199361
-0.4197437,843.948448699361
-0.3693914,843.968883199361
-0.3205789,843.989317699361
-0.1295045,844.071055699361
-0.0897084,844.091490199361
0.0556926,844.193662699361
0.0765854,844.214097199361
0.0954336,844.234531699361
0.116421,844.254966199361
0.1396439,844.275400699361
0.1686368,844.316269699361
0.1671854,844.336704199361
0.2314338,844.398007699361
0.2700838,844.418442199361
0.3152014,844.459311199361
0.2520076,844.479745699361
0.01292,844.500180199361
-0.20548,844.520614699361
-0.3702487,844.541049199361
-0.4264185,844.561483699361
-0.3869625,844.581918199361
-0.3335412,844.602352699361
-0.2820359,844.622787199361
-0.2336707,844.643221699361
-0.1881672,844.663656199361
-0.14408,844.684090699361
-0.1037764,844.704525199361
-0.0675536,844.724959699361
0.0235113,844.786263199361
0.0474807,844.806697699361
0.0690912,844.827132199361
0.0883074,844.847566699361
0.1092118,844.868001199361
0.2040431,845.624077699361
0.2399252,845.644512199361
0.3060187,845.705815699361
0.2068068,845.726250199361
-0.0605798,845.746684699361
-0.2393598,845.767119199361
-0.4152882,845.807988199361
-0.3697367,845.828422699361
-0.2672664,845.869291699361
-0.2206423,845.889726199361
-0.1343788,845.930595199361
-0.0954271,845.951029699361
-0.0589937,845.971464199361
-0.0261188,845.991898699361
0.0724121,846.073636699361
0.092304,846.094071199361
0.1124801,846.114505699361
0.1362842,846.134940199361
0.1564036,846.155374699361
0.1654055,846.175809199361
0.1652059,846.196243699361
0.1714035,846.216678199361
0.1937886,846.237112699361
0.2258006,846.257547199361
0.266164,846.277981699361
0.3012708,846.298416199361
0.3148398,846.318850699361
-0.1750579,846.380154199361
-0.3391151,846.400588699361
-0.4143586,846.421023199361
-0.3847421,846.441457699361
-0.3330169,846.461892199361
-0.2822726,846.482326699361
-0.1908231,846.523195699361
-0.1485138,846.543630199361
-0.1089182,846.564064699361
-0.0713989,846.584499199361
-0.0387027,846.604933699361
0.020039,846.645802699361
0.0445554,846.666237199361
0.0856751,846.707106199361
0.1060348,846.727540699361
0.2132779,846.870582199361
0.2501073,846.891016699361
0.2860422,846.911451199361
0.3102953,846.931885699361
0.2904278,846.952320199361
0.1498344,846.972754699361
-0.276629,847.013623699361
-0.4035004,847.034058199361
-0.2085634,847.136230699361
-0.1649342,847.156665199361
-0.124638,847.177099699361
-0.0863637,847.197534199361
-0.0516328,847.217968699361
0.1599488,847.401879199361
0.1660633,847.422313699361
0.166716,847.442748199361
0.1775299,847.463182699361
0.2004029,847.483617199361
0.2340961,847.504051699361
0.2722859,847.524486199361
0.3019829,847.544920699361
0.2227076,847.585789699361
-0.0288853,847.606224199361
-0.2105838,847.626658699361
-0.3726642,847.647093199361
-0.408959,847.667527699361
-0.3688876,847.687962199361
-0.3183803,847.708396699361
-0.2695364,847.728831199361
0.11027,847.974045199361
0.131565,847.994479699361
0.1528479,848.014914199361
0.164298,848.035348699361
0.1657022,848.055783199361
0.1889842,848.096652199361
0.2210877,848.117086699361
0.2587687,848.137521199361
0.3104862,848.178390199361
0.2684256,848.198824699361
0.081228,848.219259199361
-0.1538969,848.239693699361
-0.315853,848.260128199361
-0.3871643,848.300997199361
-0.336861,848.321431699361
-0.2865856,848.341866199361
-0.1961914,848.382735199361
-0.1541442,848.403169699361
-0.1148103,848.423604199361
-0.0784936,848.444038699361
-0.0432445,848.464473199361
0.042301,848.525776699361
0.0637191,848.546211199361
0.0827481,848.566645699361
0.1022936,848.587080199361
0.1245578,848.607514699361
0.1671764,848.689252699361
0.1809961,848.709687199361
0.2089816,848.730121699361
0.281958,848.770990699361
0.3072871,848.791425199361
0.2964589,848.811859699361
0.1779365,848.832294199361
-0.0875658,848.852728699361
-0.2468138,848.873163199361
-0.400391,848.914032199361
-0.3547094,848.934466699361
-0.3042287,848.954901199361
-0.2568014,848.975335699361
-0.2126893,848.995770199361
-0.1717021,849.016204699361
-0.1315022,849.036639199361
-0.0939193,849.057073699361
0.0304159,849.138811699361
0.0518468,849.159246199361
0.1365178,849.240984199361
0.1566788,849.261418699361
0.1672082,849.302287699361
0.1674195,849.322722199361
0.2996152,849.404460199361
0.3079473,849.424894699361
0.2414964,849.445329199361
0.0075353,849.465763699361
-0.1873452,849.486198199361
-0.3562373,849.506632699361
-0.3226798,849.567936199361
-0.2737842,849.588370699361
-0.2288555,849.608805199361
-0.107305,849.670108699361
-0.0707312,849.690543199361
-0.0061129,849.731412199361
0.0231224,849.751846699361
0.0471804,849.772281199361
0.1233636,849.854019199361
0.1503032,849.874453699361
0.1632006,849.894888199361
0.1886453,849.956191699361
0.2181331,849.976626199361
0.2555103,849.997060699361
0.2906774,850.017495199361
0.31098,850.037929699361
0.2827885,850.058364199361
0.1214808,850.078798699361
-0.1319806,850.099233199361
-0.2936787,850.119667699361
-0.4095122,850.140102199361
-0.3951146,850.160536699361
-0.2028048,850.242274699361
-0.1613476,850.262709199361
-0.1218932,850.283143699361
-0.0843316,850.303578199361
-0.0497731,850.324012699361
0.121254,850.467054199361
0.1431132,850.487488699361
0.180199,850.569226699361
0.2062243,850.589661199361
0.2405177,850.610095699361
0.3053707,850.650964699361
0.3037341,850.671399199361
-0.2274958,850.732702699361
-0.3904729,850.753137199361
-0.3646617,850.794006199361
-0.3120743,850.814440699361
-0.263121,850.834875199361
0.0530835,851.018785699361
0.0738506,851.039220199361
0.0944323,851.059654699361
0.1657201,851.141392699361
0.1689703,851.161827199361
0.1762783,851.182261699361
0.194676,851.202696199361
0.2293154,851.223130699361
0.2654949,851.243565199361
-0.2353863,851.468344699361
-0.1933416,851.488779199361
0.0173902,851.611386199361
0.0422016,851.631820699361
0.0849928,851.672689699361
0.1056555,851.693124199361
0.1506111,851.733993199361
0.1654972,851.754427699361
0.1699234,851.774862199361
0.2514923,851.856600199361
0.2857074,851.877034699361
0.3115658,851.897469199361
0.2937748,851.917903699361
-0.4084323,852.020076199361
-0.3567989,852.040510699361
-0.3032264,852.060945199361
-0.2553883,852.081379699361
-0.2113553,852.101814199361
-0.1285977,852.142683199361
-0.0911576,852.163117699361
0.0357989,852.244855699361
0.0597572,852.265290199361
0.1612659,852.367462699361
0.170243,852.387897199361
0.1816325,852.428766199361
0.2049977,852.449200699361
0.240635,852.469635199361
0.2784156,852.490069699361
-0.4243728,852.633111199361
-0.379579,852.653545699361
-0.3241039,852.673980199361
-0.2725539,852.694414699361
-0.2255832,852.714849199361
-0.1821788,852.735283699361
-0.1415527,852.755718199361
-0.1027541,852.776152699361
0.0737068,852.898759699361
0.0933499,852.919194199361
0.1143809,852.939628699361
0.1721479,853.021366699361
0.17645,853.041801199361
0.2254144,853.082670199361
0.263112,853.103104699361
0.3168872,853.143973699361
0.2819315,853.164408199361
-0.0447701,853.430056699361
-0.0125592,853.450491199361
0.0423268,853.491360199361
0.065221,853.511794699361
0.1068175,853.552663699361
0.1289032,853.573098199361
0.166454,853.613967199361
0.1733056,853.634401699361
0.1871785,853.675270699361
0.2131978,853.695705199361
0.2499461,853.716139699361
0.2870153,853.736574199361
0.3151451,853.757008699361
0.2002518,853.797877699361
-0.0805176,853.818312199361
-0.2622905,853.838746699361
-0.4216291,853.859181199361
-0.4243854,853.879615699361
-0.3140363,853.920484699361
-0.26249,853.940919199361
-0.2167154,853.961353699361
-0.1743558,853.981788199361
-0.1345846,854.002222699361
-0.0955494,854.022657199361
-0.0581471,854.043091699361
0.0072336,854.083960699361
0.0312983,854.104395199361
0.0569902,854.124829699361
0.0784109,854.145264199361
0.0976172,854.165698699361
0.118045,854.186133199361
0.1417433,854.206567699361
0.1624289,854.227002199361
0.1800837,854.288305699361
0.2011635,854.308740199361
0.2640114,854.410912699361
0.0317099,854.431347199361
-0.3843497,854.472216199361
-0.4399719,854.492650699361
-0.3387032,854.533519699361
-0.2851602,854.553954199361
-0.1928692,854.594823199361
-0.149922,854.615257699361
-0.0359071,854.676561199361
-0.0046822,854.696995699361
0.0228092,854.717430199361
0.0705274,854.758299199361
0.0913934,854.778733699361
0.1564637,854.840037199361
0.1712038,854.860471699361
0.1778192,854.901340699361
0.1924811,854.921775199361
0.2224074,854.942209699361
0.2609275,854.962644199361
0.2982196,854.983078699361
0.3230893,855.003513199361
-0.1343139,855.064816699361
-0.3205532,855.085251199361
-0.4212677,855.126120199361
-0.3634194,855.146554699361
-0.2559797,855.187423699361
-0.2100938,855.207858199361
-0.0155928,855.310030699361
0.0129701,855.330465199361
0.1680373,855.473506699361
0.1751216,855.493941199361
0.1845461,855.534810199361
0.2088731,855.555244699361
0.2452132,855.575679199361
0.2858644,855.596113699361
0.3172705,855.616548199361
0.3227596,855.636982699361
0.2394346,855.657417199361
-0.3885733,855.759589699361
-0.3296593,855.780024199361
-0.0619457,855.902631199361
-0.0277086,855.923065699361
0.0045162,855.943500199361
0.0305582,855.963934699361
0.0557331,855.984369199361
0.0982245,856.025238199361
0.1187151,856.045672699361
0.16389,856.086541699361
0.1744256,856.106976199361
0.1803205,856.147845199361
0.1980913,856.168279699361
0.3096597,856.229583199361
0.3288323,856.250017699361
0.2910094,856.270452199361
0.0879812,856.290886699361
-0.1870082,856.311321199361
-0.4579111,856.352190199361
-0.4143143,856.372624699361
-0.1571851,856.474797199361
-0.1148297,856.495231699361
0.0208299,856.576969699361
0.0476741,856.597404199361
0.0698213,856.617838699361
0.0903507,856.638273199361
0.1336348,856.679142199361
0.157321,856.699576699361
0.2185396,856.801749199361
0.2592012,856.822183699361
0.2972362,856.842618199361
0.3271998,856.863052699361
-0.2181022,857.067397699361
-0.173283,857.087832199361
-0.0896122,857.128701199361
-0.0514413,857.149135699361
0.1034753,857.271742699361
0.1261257,857.292177199361
0.1490686,857.312611699361
0.1689164,857.333046199361
0.1764582,857.373915199361
0.1841263,857.394349699361
0.2844516,857.455653199361
0.3202979,857.476087699361
0.3333722,857.496522199361
0.2707169,857.516956699361
0.0079212,857.537391199361
-0.3433121,857.639563699361
-0.2873474,857.659998199361
-0.0304572,857.782605199361
0.001685,857.803039699361
0.05384,857.843908699361
0.0761973,857.864343199361
0.0959972,857.884777699361
0.1408293,857.925646699361
0.1622075,857.946081199361
0.1787406,857.966515699361
0.1785338,857.986950199361
0.1973761,858.027819199361
0.2292451,858.048253699361
0.3098845,858.089122699361
0.3336746,858.109557199361
-0.1720321,858.170860699361
-0.3825262,858.191295199361
-0.3694161,858.252598699361
-0.3090882,858.273033199361
-0.2568316,858.293467699361
-0.2094674,858.313902199361
0.0680348,858.477378199361
0.0897705,858.497812699361
0.1799302,858.620419699361
0.1897586,858.640854199361
0.3324346,858.743026699361
0.2385512,858.763461199361
-0.397149,858.865633699361
-0.3345991,858.886068199361
-0.2788032,858.906502699361
-0.2277304,858.926937199361
-0.0575674,859.008675199361
-0.0227333,859.029109699361
0.0091798,859.049544199361
0.0601062,859.090413199361
0.0828735,859.110847699361
0.1027918,859.131282199361
0.1252084,859.151716699361
0.1797025,859.233454699361
0.1839811,859.253889199361
0.2800762,859.315192699361
0.3183296,859.335627199361
0.0603859,859.396930699361
-0.2313765,859.417365199361
-0.300894,859.519537699361
-0.2474418,859.539972199361
-0.0681432,859.621710199361
-0.0324638,859.642144699361
0.1671274,859.805620699361
0.1808262,859.826055199361
0.2239616,859.907793199361
0.2635975,859.928227699361
0.335621,859.969096699361
0.3268486,859.989531199361
-0.1445741,860.030400199361
-0.3673428,860.050834699361
-0.322939,860.132572699361
-0.2679592,860.153007199361
-0.2172804,860.173441699361
-0.1690811,860.193876199361
-0.0836478,860.234745199361
-0.0464301,860.255179699361
-0.0122484,860.275614199361
0.1336478,860.398221199361
0.1581837,860.418655699361
0.2935978,860.561697199361
0.3287781,860.582131699361
0.2658601,860.623000699361
-0.0290522,860.643435199361
-0.4725666,860.684304199361
-0.4729741,860.704738699361
-0.3447889,860.745607699361
-0.2876245,860.766042199361
-0.186219,860.806911199361
-0.1400701,860.827345699361
0.1502194,861.031690699361
0.1737956,861.052125199361
0.3168602,861.195166699361
0.3417737,861.215601199361
-0.436762,861.338208199361
-0.3707992,861.358642699361
-0.2545907,861.399511699361
-0.2043767,861.419946199361
-0.1574126,861.440380699361
-0.0728953,861.481249699361
-0.0366467,861.501684199361
0.0489558,861.562987699361
0.0719462,861.583422199361
0.1156967,861.624291199361
0.140273,861.644725699361
0.1811321,861.685594699361
0.1821578,861.706029199361
0.1781475,861.726463699361
0.1909314,861.746898199361
0.2199755,861.767332699361
0.2598515,861.787767199361
0.3035929,861.808201699361
0.3353452,861.849070699361
0.2223059,861.869505199361
-0.3521782,861.910374199361
-0.491004,861.930808699361
-0.1761529,862.053415699361
-0.128597,862.073850199361
-0.0161922,862.135153699361
0.0137817,862.155588199361
0.0635496,862.196457199361
0.0847394,862.216891699361
0.1312019,862.257760699361
0.1548946,862.278195199361
0.178917,862.339498699361
0.1839053,862.359933199361
0.2446107,862.400802199361
0.2880046,862.421236699361
-0.4206791,862.584712699361
-0.3558535,862.605147199361
-0.2977505,862.625581699361
-0.2434974,862.646016199361
-0.0267399,862.748188699361
0.0026356,862.768623199361
0.0306981,862.789057699361
0.0562773,862.809492199361
0.1703969,862.911664699361
0.1817886,862.932099199361
0.1788536,862.972968199361
0.1966851,862.993402699361
0.2713271,863.034271699361
0.3119344,863.054706199361
0.3403378,863.075140699361
0.319639,863.095575199361
-0.0396858,863.361223699361
-0.0078234,863.381658199361
0.0457095,863.422527199361
0.0688444,863.442961699361
0.1124424,863.483830699361
0.1374332,863.504265199361
0.1623743,863.524699699361
0.1800018,863.545134199361
0.1815819,863.565568699361
0.1778853,863.586003199361
0.2155828,863.626872199361
0.2555302,863.647306699361
0.3328422,863.688175699361
0.3383644,863.708610199361
0.2466703,863.729044699361
-0.4826935,863.790348199361
-0.4685376,863.810782699361
-0.282271,863.872086199361
-0.2297948,863.892520699361
-0.1810662,863.912955199361
-0.1345777,863.933389699361
-0.0912769,863.953824199361
0.0091548,864.015127699361
0.0352048,864.035562199361
0.0814183,864.076431199361
0.1040509,864.096865699361
0.1521652,864.137734699361
0.1740003,864.158169199361
0.1753243,864.199038199361
0.1800344,864.219472699361
0.2395565,864.260341699361
0.2814513,864.280776199361
0.3424016,864.321645199361
0.2965625,864.342079699361
-0.149709,864.546424699361
-0.1059659,864.566859199361
-0.0672433,864.587293699361
-0.0331552,864.607728199361
0.0258085,864.648597199361
0.0501291,864.669031699361
0.0938922,864.709900699361
0.117501,864.730335199361
0.1921333,864.852942199361
0.2239089,864.873376699361
0.3051031,864.914245699361
0.3353852,864.934680199361
0.1823019,864.975549199361
-0.1565326,864.995983699361
-0.3764012,865.016418199361
-0.4850725,865.036852699361
-0.4480378,865.057287199361
-0.3236039,865.098156199361
-0.267966,865.118590699361
-0.1671238,865.159459699361
-0.1209944,865.179894199361
-0.0125474,865.241197699361
0.0168655,865.261632199361
0.0650718,865.302501199361
0.0868654,865.322935699361
0.1317535,865.363804699361
0.1532752,865.384239199361
0.1779728,865.425108199361
0.1748212,865.445542699361
0.1845485,865.465977199361
0.2116543,865.486411699361
-0.4067562,865.690756699361
-0.3449602,865.711191199361
-0.2337567,865.752060199361
-0.1843348,865.772494699361
0.0074652,865.874667199361
0.032636,865.895101699361
0.2746748,866.140315699361
0.3136801,866.160750199361
0.0972257,866.222053699361
-0.2164584,866.242488199361
-0.4160739,866.262922699361
-0.4765159,866.283357199361
-0.3641775,866.324226199361
-0.3062651,866.344660699361
-0.201368,866.385529699361
-0.1552745,866.405964199361
-0.1092914,866.426398699361
-0.0684855,866.446833199361
-0.0346573,866.467267699361
0.0490603,866.528571199361
0.0715678,866.549005699361
0.1147929,866.589874699361
0.1380903,866.610309199361
0.1766141,866.651178199361
0.1758276,866.671612699361
0.1746525,866.692047199361
-0.3377232,866.875957699361
-0.4685399,866.896392199361
-0.4465744,866.916826699361
-0.3861192,866.937261199361
-0.2710486,866.978130199361
-0.2192859,866.998564699361
-0.125722,867.039433699361
-0.0836614,867.059868199361
-0.0145047,867.100737199361
0.0147417,867.121171699361
0.2848367,867.386820199361
0.322832,867.407254699361
0.3334044,867.427689199361
0.2660021,867.448123699361
-0.0026239,867.468558199361
-0.437313,867.509427199361
-0.4595607,867.529861699361
-0.3484824,867.570730699361
-0.291545,867.591165199361
-0.2378095,867.611599699361
-0.1865528,867.632034199361
0.1774438,867.897682699361
0.1732856,867.918117199361
0.1943408,867.958986199361
0.2280611,867.979420699361
0.3075155,868.020289699361
0.3319254,868.040724199361
-0.1826836,868.102027699361
-0.3745771,868.122462199361
-0.2567566,868.224634699361
-0.2066516,868.245069199361
-0.0411233,868.326807199361
-0.0097329,868.347241699361
0.042174,868.388110699361
0.0609391,868.408545199361
0.251529,868.612890199361
0.2911044,868.633324699361
-0.2982548,868.735497199361
-0.4444038,868.755931699361
-0.2242596,868.858104199361
-0.1739714,868.878538699361
0.1660967,869.123752699361
0.1713111,869.144187199361
0.1702998,869.164621699361
0.1763372,869.185056199361
0.1997134,869.205490699361
0.2758045,869.246359699361
0.3120213,869.266794199361
0.2701111,869.307663199361
0.0294584,869.328097699361
-0.2892902,869.450704699361
-0.236772,869.471139199361
-0.1458511,869.512008199361
-0.1043133,869.532442699361
0.1112944,869.695918699361
0.1359994,869.716353199361
0.1715077,869.757222199361
0.168239,869.777656699361
0.2219473,869.838960199361
0.2608992,869.859394699361
0.297822,869.879829199361
0.3223573,869.900263699361
0.2999256,869.920698199361
-0.1509776,869.961567199361
-0.3364926,869.982001699361
-0.4184518,870.022870699361
-0.3627069,870.043305199361
-0.2067159,870.104608699361
-0.1611773,870.125043199361
-0.0139986,870.206781199361
0.0143281,870.227215699361
0.0747591,870.288519199361
0.1018055,870.308953699361
0.1496195,870.349822699361
0.167264,870.370257199361
0.167047,870.411126199361
0.1786441,870.431560699361
0.244308,870.472429699361
0.2831152,870.492864199361
0.3161157,870.533733199361
0.2237315,870.554167699361
-0.0592466,870.799381699361
-0.0266261,870.819816199361
0.0304268,870.860685199361
0.0524866,870.881119699361
0.0942841,870.921988699361
0.1168814,870.942423199361
0.0589069,871.187637199361
-0.1911356,871.208071699361
-0.4314564,871.248940699361
-0.3950125,871.269375199361
-0.2409554,871.330678699361
-0.1947155,871.351113199361
0.0439541,871.494154699361
0.0656273,871.514589199361
0.1057378,871.555458199361
0.1299352,871.575892699361
0.1532943,871.596327199361
0.1665027,871.616761699361
0.1659427,871.637196199361
0.2153188,871.698499699361
0.2545726,871.718934199361
-0.2959379,871.841541199361
-0.420711,871.861975699361
-0.3089669,871.923279199361
-0.2575677,871.943713699361
-0.0499926,872.045886199361
-0.0189673,872.066320699361
0.0350015,872.107189699361
0.0577991,872.127624199361
0.0768176,872.148058699361
0.097681,872.168493199361
0.1653882,872.270665699361
0.1763648,872.291100199361
-0.4199307,872.495445199361
-0.3792146,872.515879699361
-0.1396305,872.618052199361
-0.1000186,872.638486699361
-0.0315399,872.679355699361
-0.0004321,872.699790199361
0.0256661,872.720224699361
0.0494534,872.740659199361
0.0689029,872.761093699361
0.0897196,872.781528199361
0.1110162,872.801962699361
0.1707769,872.904135199361
0.1909649,872.924569699361
0.3158474,873.006307699361
0.2775763,873.026742199361
-0.3938993,873.128914699361
-0.3425156,873.149349199361
-0.2443529,873.190218199361
-0.1989299,873.210652699361
-0.1558277,873.231087199361
-0.1152118,873.251521699361
-0.0773593,873.271956199361
-0.0439235,873.292390699361
0.0166126,873.333259699361
0.0410881,873.353694199361
0.0801778,873.394563199361
0.1019958,873.414997699361
0.1243622,873.435432199361
0.1655865,873.496735699361
0.1668319,873.517170199361
0.2110384,873.558039199361
0.2463932,873.578473699361
0.2852756,873.598908199361
0.3023421,873.639777199361
0.1821092,873.660211699361
-0.2592661,873.701080699361
-0.3976949,873.721515199361
-0.3059436,873.782818699361
-0.2572627,873.803253199361
-0.1707195,873.844122199361
-0.1307968,873.864556699361
-0.0573709,873.905425699361
-0.0241927,873.925860199361
0.0930404,874.028032699361
0.1142198,874.048467199361
0.1572469,874.089336199361
0.1636208,874.109770699361
0.2180456,874.804543699361
0.257146,874.824978199361
0.3131231,874.865847199361
0.2816959,874.886281699361
-0.1373924,874.927150699361
-0.2954744,874.947585199361
-0.2930576,875.029323199361
-0.2468524,875.049757699361
-0.083942,875.131495699361
-0.048345,875.151930199361
-0.0160072,875.172364699361
0.0377436,875.213233699361
0.0603643,875.233668199361
0.0999032,875.274537199361
0.1205309,875.294971699361
0.1675817,875.376709699361
0.1799402,875.397144199361
0.2056326,875.417578699361
0.2419591,875.438013199361
0.2779832,875.458447699361
0.304041,875.499316699361
0.2018622,875.519751199361
-0.0614068,875.540185699361
-0.2295004,875.560620199361
-0.3844834,875.581054699361
-0.405252,875.601489199361
-0.3113913,875.642358199361
-0.2625057,875.662792699361
-0.2167754,875.683227199361
-0.1346121,875.724096199361
-0.096652,875.744530699361
-0.0289409,875.785399699361
0.0010723,875.805834199361
0.0724148,875.867137699361
0.0916351,875.887572199361
0.1338826,875.928441199361
0.1545614,875.948875699361
0.1653609,875.989744699361
0.1733776,876.010179199361
0.1915228,876.030613699361
0.2294822,876.051048199361
0.3011093,876.091917199361
0.312971,876.112351699361
-0.3791439,876.234958699361
-0.3302359,876.255393199361
0.0179498,876.439303699361
0.0409221,876.459738199361
0.0834954,876.500607199361
0.1040394,876.521041699361
0.1476668,876.561910699361
0.1619672,876.582345199361
0.1651826,876.602779699361
0.1687928,876.623214199361
0.1847484,876.643648699361
0.2141718,876.664083199361
0.2511888,876.684517699361
0.2876223,876.704952199361
0.3110138,876.725386699361
-0.2681805,876.807124699361
-0.3978989,876.827559199361
-0.298145,876.888862699361
-0.2512984,876.909297199361
-0.1664118,876.950166199361
-0.1269636,876.970600699361
-0.0545729,877.011469699361
-0.0226275,877.031904199361
0.034057,877.072773199361
0.0559891,877.093207699361
0.1687387,877.236249199361
0.1772188,877.256683699361
0.2028085,877.277118199361
0.2367372,877.297552699361
0.3047213,877.338421699361
0.3062545,877.358856199361
-0.2043094,877.420159699361
-0.3692516,877.440594199361
-0.4077786,877.461028699361
-0.3681144,877.481463199361
-0.1422635,877.583635699361
-0.1032218,877.604070199361
-0.0667548,877.624504699361
-0.0341427,877.644939199361
-0.0031499,877.665373699361
0.1311365,877.787980699361
0.1531052,877.808415199361
0.1645483,877.828849699361
0.172836,877.869718699361
0.1930612,877.890153199361
0.2257103,877.910587699361
0.2616133,877.931022199361
0.2954027,877.951456699361
-0.2408419,878.155801699361
-0.1977025,878.176236199361
-0.0809565,878.237539699361
-0.0461794,878.257974199361
0.0148076,878.298843199361
0.0407135,878.319277699361
0.1601213,878.441884699361
0.1680666,878.462319199361
0.2116214,878.523622699361
0.2473158,878.544057199361
0.2842395,878.564491699361
0.3105458,878.584926199361
0.2992651,878.605360699361
0.1823732,878.625795199361
-0.0850763,878.646229699361
-0.4050324,878.707533199361
-0.3584085,878.727967699361
-0.3065106,878.748402199361
-0.2586583,878.768836699361
-0.172753,878.809705699361
-0.1331854,878.830140199361
0.055855,878.952747199361
0.0756439,878.973181699361
0.1384441,879.034485199361
0.1578643,879.054919699361
0.1684514,879.095788699361
0.1764292,879.116223199361
0.1999206,879.136657699361
0.3032179,879.197961199361
0.3122623,879.218395699361
0.2469244,879.238830199361
0.0151279,879.259264699361
-0.1865037,879.279699199361
-0.3589367,879.300133699361
-0.4165696,879.320568199361
-0.3797606,879.341002699361
-0.276593,879.381871699361
-0.2310905,879.402306199361
-0.1478476,879.443175199361
-0.1093458,879.463609699361
-0.0069987,879.524913199361
0.0205982,879.545347699361
0.0887665,879.606651199361
0.1090983,879.627085699361
0.17243,879.729258199361
0.1892312,879.749692699361
0.259562,879.790561699361
0.2938522,879.810996199361
0.2903548,879.851865199361
0.1333183,879.872299699361
-0.1322915,879.892734199361
-0.2992455,879.913168699361
-0.205938,880.035775699361
-0.1639329,880.056210199361
0.0999975,880.240120699361
0.1218924,880.260555199361
0.1631616,880.301424199361
0.1698479,880.321858699361
0.1823483,880.362727699361
0.2086447,880.383162199361
0.2439734,880.403596699361
0.2813994,880.424031199361
0.3109615,880.444465699361
0.3116655,880.464900199361
0.2188754,880.485334699361
-0.0489267,880.505769199361
-0.23042,880.526203699361
-0.3989737,880.546638199361
-0.3724032,880.587507199361
-0.3190064,880.607941699361
-0.2694437,880.628376199361
-0.1798879,880.669245199361
-0.1402996,880.689679699361
-0.1016548,880.710114199361
-0.0649951,880.730548699361
-0.0308551,880.750983199361
0.0004814,880.771417699361
0.2300823,881.016631699361
0.2681441,881.037066199361
-0.175128,881.139238699361
-0.357648,881.159673199361
-0.3960779,881.200542199361
-0.3417713,881.220976699361
-0.2415061,881.261845699361
-0.196471,881.282280199361
0.0189268,881.404887199361
0.0441531,881.425321699361
0.0867904,881.466190699361
0.1073199,881.486625199361
0.1521948,881.527494199361
0.1684054,881.547928699361
0.1887898,881.609232199361
0.2184826,881.629666699361
0.3203948,881.690970199361
0.3076124,881.711404699361
-0.0555438,881.977053199361
-0.0220149,881.997487699361
0.0081244,882.017922199361
0.0355504,882.038356699361
0.0590317,882.058791199361
0.0797959,882.079225699361
0.1643575,882.160963699361
0.172392,882.181398199361
0.1798772,882.222267199361
0.2049898,882.242701699361
0.2804037,882.283570699361
0.3149635,882.304005199361
0.3229719,882.324439699361
0.2522067,882.344874199361
-0.0042993,882.365308699361
0.0513586,882.671826199361
0.0730279,882.692260699361
0.1143108,882.733129699361
0.1371861,882.753564199361
0.158475,882.773998699361
0.1726262,882.794433199361
-0.1590279,882.998778199361
-0.349934,883.019212699361
-0.4494024,883.039647199361
-0.3569625,883.080516199361
-0.3031223,883.100950699361
-0.2067478,883.141819699361
-0.1631022,883.162254199361
-0.0451589,883.223557699361
-0.0131412,883.243992199361
0.0168882,883.264426699361
0.0652946,883.305295699361
0.0871432,883.325730199361
0.1058612,883.346164699361
0.1289271,883.366599199361
0.1756315,883.448337199361
0.1874461,883.468771699361
0.2152691,883.489206199361
0.2527209,883.509640699361
0.2908616,883.530075199361
0.3219799,883.550509699361
0.2169615,883.591378699361
-0.0756002,883.611813199361
-0.4400332,883.673116699361
-0.3820826,883.693551199361
-0.273835,883.734420199361
-0.2253225,883.754854699361
-0.1812652,883.775289199361
-0.1385168,883.795723699361
-0.0978758,883.816158199361
-0.0597807,883.836592699361
-0.0267765,883.857027199361
0.0041383,883.877461699361
0.0324458,883.897896199361
0.056606,883.918330699361
0.078567,883.938765199361
0.0987109,883.959199699361
0.1204325,883.979634199361
0.143697,884.000068699361
0.2747665,884.143110199361
0.3100908,884.163544699361
-0.2133226,884.245282699361
-0.4098762,884.265717199361
-0.1141698,884.429193199361
-0.0745679,884.449627699361
0.0226037,884.510931199361
0.0478472,884.531365699361
0.1126345,884.592669199361
0.1366677,884.613103699361
0.1575161,884.633538199361
0.172619,884.653972699361
0.1750338,884.674407199361
0.2629777,884.756145199361
0.3032246,884.776579699361
0.3306237,884.797014199361
0.3152961,884.817448699361
0.1721536,884.837883199361
-0.1377317,884.858317699361
-0.3416758,884.878752199361
-0.4638785,884.899186699361
-0.4344956,884.919621199361
-0.2163394,885.001359199361
-0.1704302,885.021793699361
-0.0179351,885.103531699361
0.012499,885.123966199361
0.0402703,885.144400699361
0.1049852,885.205704199361
0.1277603,885.226138699361
0.1833109,885.328311199361
0.2091016,885.348745699361
0.247856,885.369180199361
0.3227382,885.410049199361
0.3294713,885.430483699361
-0.0342296,885.471352699361
-0.2693216,885.491787199361
0.001607,885.737001199361
0.0293172,885.757435699361
0.1197869,885.839173699361
0.1438485,885.859608199361
0.2001369,885.961780699361
0.2338084,885.982215199361
0.2740481,886.002649699361
0.3129242,886.023084199361
0.2992129,886.063953199361
0.100652,886.084387699361
-0.1974444,886.104822199361
-0.2063138,886.247863699361
-0.1608133,886.268298199361
-0.0092282,886.350036199361
0.0209829,886.370470699361
0.0466446,886.390905199361
0.0697554,886.411339699361
0.0892358,886.431774199361
0.1113901,886.452208699361
0.1361508,886.472643199361
0.1583856,886.493077699361
0.1767208,886.513512199361
0.1771915,886.533946699361
0.1778273,886.554381199361
0.2996099,886.636119199361
0.3290127,886.656553699361
0.2136306,886.697422699361
-0.1099728,886.717857199361
-0.3368388,886.738291699361
-0.3910372,886.799595199361
-0.3267394,886.820029699361
-0.1820314,886.881333199361
-0.1309146,886.901767699361
0.0070009,886.983505699361
0.032046,887.003940199361
0.128321,887.085678199361
0.1521858,887.106112699361
0.1717432,887.126547199361
-0.2974928,887.453499199361
-0.244615,887.473933699361
-0.1935639,887.494368199361
-0.1595948,887.514802699361
-0.1071325,887.535237199361
0.0748544,887.657844199361
0.0971785,887.678278699361
0.1422117,887.719147699361
0.166738,887.739582199361
0.1767031,887.780451199361
0.1796815,887.800885699361
0.1965788,887.821320199361
0.3098934,887.882623699361
0.3369954,887.903058199361
0.3183466,887.923492699361
0.1522389,887.943927199361
-0.1827097,887.964361699361
-0.4004126,887.984796199361
-0.4429041,888.025665199361
-0.3777137,888.046099699361
-0.3177073,888.066534199361
-0.2621427,888.086968699361
-0.21194,888.107403199361
0.0888,888.291313699361
0.1114437,888.311748199361
0.1600464,888.352617199361
0.1784106,888.373051699361
0.1812641,888.393486199361
0.176323,888.413920699361
0.1857237,888.434355199361
0.2157235,888.454789699361
0.2533622,888.475224199361
0.2867268,888.495658699361
0.3301903,888.516093199361
0.3358525,888.536527699361
0.2475388,888.556962199361
-0.0710052,888.577396699361
-0.3184114,888.597831199361
-0.4827316,888.618265699361
-0.3394049,888.679569199361
-0.2837048,888.700003699361
-0.1833247,888.740872699361
-0.1374344,888.761307199361
-0.0558503,888.802176199361
-0.0224441,888.822610699361
0.0343043,888.863479699361
0.0592145,888.883914199361
0.151205,888.965652199361
0.1724763,888.986086699361
0.1792968,889.006521199361
0.1767006,889.026955699361
0.1799888,889.047390199361
0.2036937,889.067824699361
0.3014732,889.169997199361
0.0676589,889.190431699361
-0.2389476,889.210866199361
-0.4458937,889.231300699361
-0.4295838,889.272169699361
-0.3656619,889.292604199361
-0.2528089,889.333473199361
-0.2028432,889.353907699361
-0.1558908,889.374342199361
-0.1115266,889.394776699361
-0.0355622,889.435645699361
-0.0043889,889.456080199361
0.0244578,889.476514699361
0.0494479,889.496949199361
0.0726094,889.517383699361
0.0943819,889.537818199361
0.1162058,889.558252699361
0.1419279,889.578687199361
0.1752814,889.660425199361
0.191699,889.680859699361
0.2235307,889.701294199361
0.2651568,889.721728699361
0.3058741,889.742163199361
0.3299616,889.783032199361
0.1942264,889.803466699361
-0.1491077,889.823901199361
-0.3763338,889.844335699361
-0.271391,889.946508199361
-0.2198559,889.966942699361
-0.1254429,890.007811699361
-0.083048,890.028246199361
-0.0137119,890.069115199361
0.0154146,890.089549699361
0.1086529,890.171287699361
0.1321905,890.191722199361
0.1586491,890.212156699361
0.1775209,890.232591199361
0.1780389,890.253025699361
0.1833519,890.293894699361
0.2114774,890.314329199361
0.2480895,890.334763699361
0.2922676,890.355198199361
0.3298751,890.375632699361
-0.4722536,890.477805199361
-0.471681,890.498239699361
-0.411417,890.518674199361
-0.3492262,890.539108699361
-0.1425598,890.620846699361
-0.0982135,890.641281199361
-0.0260705,890.682150199361
0.0045048,890.702584699361
0.1228394,890.804757199361
0.1477232,890.825191699361
0.1713005,890.845626199361
0.1804833,890.866060699361
0.1759623,890.886495199361
0.3165932,890.988667699361
0.3415252,891.009102199361
0.312336,891.029536699361
0.1125719,891.049971199361
-0.2158506,891.070405699361
-0.4365865,891.131709199361
-0.371492,891.152143699361
-0.3117971,891.172578199361
-0.2569678,891.193012699361
-0.2066895,891.213447199361
-0.1583534,891.233881699361
-0.1129793,891.254316199361
-0.0732698,891.274750699361
0.0683245,891.376923199361
0.089396,891.397357699361
0.112742,891.417792199361
0.137307,891.438226699361
0.1617578,891.458661199361
0.1764739,891.499530199361
0.1748634,891.519964699361
0.2181267,891.560833699361
0.2587521,891.581268199361
0.2997303,891.601702699361
0.3313624,891.622137199361
0.3307388,891.642571699361
0.2175585,891.663006199361
-0.1186804,891.683440699361
-0.3540357,891.703875199361
-0.4845196,891.724309699361
-0.4603893,891.744744199361
-0.3966886,891.765178699361
-0.3358213,891.785613199361
-0.2329371,891.826482199361
-0.179507,891.846916699361
-0.1326566,891.867351199361
0.0088188,891.949089199361
0.0347356,891.969523699361
0.0594935,891.989958199361
0.080592,892.010392699361
0.1024666,892.030827199361
0.1519704,892.071696199361
0.1737096,892.092130699361
0.178203,892.112565199361
0.1730786,892.132999699361
0.1799543,892.153434199361
0.2046236,892.173868699361
0.2433405,892.194303199361
0.2847756,892.214737699361
0.3232013,892.235172199361
0.3396024,892.255606699361
0.0129116,892.296475699361
-0.2701493,892.316910199361
-0.3556584,892.398648199361
-0.2975412,892.419082699361
-0.2459781,892.439517199361
-0.1933561,892.459951699361
-0.1457577,892.480386199361
-0.0632198,892.521255199361
-0.0293266,892.541689699361
0.0283386,892.582558699361
0.0527037,892.602993199361
0.1454848,892.684731199361
0.1679894,892.705165699361
0.1793985,892.725600199361
0.1738543,892.746034699361
0.1741237,892.766469199361
0.1897126,892.786903699361
0.2284973,892.807338199361
0.2706831,892.827772699361
0.3371119,892.868641699361
0.3160556,892.889076199361
-0.187397,892.929945199361
-0.3988255,892.950379699361
-0.37793,893.011683199361
-0.3182428,893.032117699361
-0.2116583,893.072986699361
-0.162687,893.093421199361
-0.116887,893.113855699361
-0.0777899,893.134290199361
-0.0432826,893.154724699361
-0.0115706,893.175159199361
0.0166355,893.195593699361
0.0411741,893.216028199361
0.0835564,893.256897199361
0.1055158,893.277331699361
0.1300874,893.297766199361
0.1557927,893.318200699361
0.172536,893.338635199361
0.1673177,893.379504199361
0.1799424,893.399938699361
0.2497008,893.440807699361
0.2919422,893.461242199361
0.3305408,893.502111199361
0.2348437,893.522545699361
-0.4698516,893.583849199361
-0.4576392,893.604283699361
-0.3374789,893.645152699361
-0.2815034,893.665587199361
-0.2295994,893.686021699361
-0.1796647,893.706456199361
-0.1327846,893.726890699361
-0.0922214,893.747325199361
-0.0537922,893.767759699361
-0.0217404,893.788194199361
0.0071189,893.808628699361
0.0332892,893.829063199361
0.0571547,893.849497699361
0.1000305,893.890366699361
0.1228969,893.910801199361
0.1681241,893.951670199361
0.1765489,893.972104699361
0.1746443,894.012973699361
0.1985286,894.033408199361
0.2763202,894.074277199361
0.3155532,894.094711699361
0.0501277,894.156015199361
-0.2393294,894.176449699361
-0.4283518,894.196884199361
-0.4182402,894.237753199361
-0.3577383,894.258187699361
-0.3012295,894.278622199361
-0.2479129,894.299056699361
-0.1974421,894.319491199361
-0.1058569,894.360360199361
-0.0670622,894.380794699361
0.023574,894.442098199361
0.0471407,894.462532699361
0.1134584,894.523836199361
0.1382786,894.544270699361
0.1751576,894.585139699361
0.1716177,894.605574199361
0.2597642,894.687312199361
0.301325,894.707746699361
0.3291372,894.728181199361
0.3147782,894.748615699361
0.1675548,894.769050199361
-0.156115,894.789484699361
-0.3613764,894.809919199361
-0.4700852,894.830353699361
-0.4392854,894.850788199361
-0.3800954,894.871222699361
-0.2165225,894.932526199361
-0.1682363,894.952960699361
-0.1219974,894.973395199361
-0.0462079,895.014264199361
-0.0136321,895.034698699361
0.0391974,895.075567699361
0.0597505,895.096002199361
0.1038252,895.136871199361
0.1269551,895.157305699361
0.1673788,895.239043699361
0.1772072,895.259478199361
0.2051685,895.279912699361
0.237826,895.300347199361
0.2855651,895.320781699361
0.3202141,895.341216199361
0.2440137,895.382085199361
-0.0463642,895.402519699361
-0.2839644,895.525126699361
-0.2340097,895.545561199361
-0.1384586,895.586430199361
-0.0958324,895.606864699361
-0.0249612,895.647733699361
0.003293,895.668168199361
0.07326,895.729471699361
0.0944221,895.749906199361
0.1161461,895.770340699361
0.1416682,895.790775199361
0.1645043,895.811209699361
0.1727326,895.831644199361
0.1686293,895.852078699361
0.1729103,895.872513199361
0.1928077,895.892947699361
0.2276247,895.913382199361
0.3059011,895.954251199361
0.3260513,895.974685699361
0.0784175,896.015554699361
-0.2108454,896.035989199361
-0.4181259,896.097292699361
-0.3583325,896.117727199361
-0.3016893,896.138161699361
-0.2490612,896.158596199361
-0.198683,896.179030699361
-0.1529729,896.199465199361
-0.1090628,896.219899699361
-0.0709884,896.240334199361
-0.0373773,896.260768699361
-0.0061013,896.281203199361
0.0207918,896.301637699361
0.1071769,896.383375699361
0.1311863,896.403810199361
0.1689674,896.465113699361
0.1659764,896.485548199361
0.1806604,896.505982699361
0.2137531,896.526417199361
0.2530827,896.546851699361
0.3105137,896.608155199361
0.1819852,896.628589699361
-0.3219042,896.669458699361
-0.4493444,896.689893199361
-0.3759376,896.730762199361
-0.3196057,896.751196699361
-0.2158172,896.792065699361
-0.1693044,896.812500199361
-0.1256598,896.832934699361
-0.0860198,896.853369199361
-0.0508722,896.873803699361
0.0596285,896.955541699361
0.0796963,896.975976199361
0.1739582,897.078148699361
0.1696688,897.098583199361
0.1775143,897.119017699361
0.2025054,897.139452199361
0.2386132,897.159886699361
0.2794807,897.180321199361
0.3127104,897.200755699361
-0.015392,897.262059199361
-0.2469142,897.282493699361
-0.4186085,897.302928199361
-0.4401337,897.323362699361
-0.3979125,897.343797199361
-0.341017,897.364231699361
-0.2857235,897.384666199361
-0.235007,897.405100699361
-0.1419945,897.445969699361
-0.1024121,897.466404199361
-0.0639702,897.486838699361
-0.0014994,897.527707699361
0.0244641,897.548142199361
0.0700694,897.589011199361
0.0899847,897.609445699361
0.112332,897.629880199361
0.1361797,897.650314699361
0.1581552,897.670749199361
0.1634041,897.711618199361
0.1686312,897.732052699361
0.2222065,897.772921699361
0.2607986,897.793356199361
0.2995068,897.813790699361
0.3192249,897.834225199361
0.2855805,897.854659699361
-0.1772053,897.895528699361
-0.3562512,897.915963199361
-0.4407472,897.936397699361
-0.4104803,897.956832199361
-0.3577356,897.977266699361
-0.3025273,897.997701199361
-0.2032518,898.038570199361
-0.158031,898.059004699361
-0.1157943,898.079439199361
-0.0780018,898.099873699361
-0.0428206,898.120308199361
0.0814398,898.222480699361
0.101104,898.242915199361
0.1166556,898.263349699361
0.1504986,898.283784199361
0.1648077,898.304218699361
0.1654042,898.324653199361
0.1646182,898.345087699361
0.1788212,898.365522199361
0.3146406,898.447260199361
0.3081291,898.467694699361
-0.0913809,898.508563699361
-0.2831762,898.528998199361
-0.4260218,898.549432699361
0.0315051,898.794646699361
0.0536293,898.815081199361
0.0736206,898.835515699361
0.0937215,898.855950199361
0.1153995,898.876384699361
0.1403399,898.896819199361
0.1619045,898.917253699361
0.1680317,898.937688199361
0.1640577,898.958122699361
0.1722928,898.978557199361
0.195685,898.998991699361
0.2314705,899.019426199361
0.2705236,899.039860699361
0.3039537,899.060295199361
0.3155867,899.080729699361
0.253024,899.101164199361
-0.2146834,899.142033199361
-0.3868295,899.162467699361
-0.3933081,899.203336699361
-0.3391481,899.223771199361
-0.2872802,899.244205699361
-0.2374262,899.264640199361
-0.1893697,899.285074699361
-0.1447436,899.305509199361
-0.1045242,899.325943699361
-0.0669577,899.346378199361
-0.0336814,899.366812699361
0.0224292,899.407681699361
0.0456123,899.428116199361
0.0867407,899.468985199361
0.1080537,899.489419699361
0.1542103,899.530288699361
0.167325,899.550723199361
-0.3143025,899.775502699361
-0.4207242,899.795937199361
-0.3526529,899.836806199361
-0.300875,899.857240699361
-0.1192871,899.938978699361
-0.081862,899.959413199361
0.0110625,900.020716699361
0.0370474,900.041151199361
0.0579453,900.061585699361
0.0774452,900.082020199361
0.0988068,900.102454699361
0.1214403,900.122889199361
0.1636616,900.163758199361
0.1651385,900.184192699361
0.2776703,900.286365199361
0.3080844,900.306799699361
0.208563,900.347668699361
-0.0596996,900.368103199361
-0.2440724,900.388537699361
-0.2705225,900.490710199361
-0.2225988,900.511144699361
-0.1769806,900.531579199361
-0.134745,900.552013699361
-0.0953004,900.572448199361
-0.0597267,900.592882699361
-0.0279637,900.613317199361
0.0283193,900.654186199361
0.0504441,900.674620699361
0.0705268,900.695055199361
0.1657252,900.797227699361
0.1642777,900.817662199361
0.2251657,900.878965699361
0.2629321,900.899400199361
-0.3888401,901.062876199361
-0.3389893,901.083310699361
-0.1495054,901.165048699361
-0.1084977,901.185483199361
0.018905,901.267221199361
0.0420119,901.287655699361
0.0641546,901.308090199361
0.0823367,901.328524699361
0.103169,901.348959199361
0.1648133,901.430697199361
0.1664014,901.451131699361
0.1816427,901.471566199361
0.2123209,901.492000699361
0.2925252,901.573738699361
0.1525914,901.594173199361
-0.1170365,901.614607699361
-0.2800212,901.635042199361
-0.1637067,901.778083699361
-0.1245766,901.798518199361
-0.0848745,901.818952699361
0.1619976,902.023297699361
0.1670348,902.043732199361
0.1662361,902.064166699361
-0.0306421,902.227642699361
-0.213198,902.248077199361
-0.3760577,902.268511699361
-0.4123386,902.288946199361
-0.3711197,902.309380699361
-0.3185461,902.329815199361
-0.2233828,902.370684199361
-0.1789406,902.391118699361
-0.1380942,902.411553199361
-0.0987456,902.431987699361
-0.0638188,902.452422199361
-0.0003937,902.493291199361
0.0264762,902.513725699361
0.0506803,902.534160199361
0.0699624,902.554594699361
0.1547713,902.636332699361
0.16596,902.656767199361
0.3078572,902.799808699361
0.2673193,902.820243199361
0.0800993,902.840677699361
-0.1578241,902.861112199361
-0.3199128,902.881546699361
-0.4092146,902.901981199361
-0.3867441,902.922415699361
-0.3360596,902.942850199361
-0.2863599,902.963284699361
-0.240369,902.983719199361
-0.1964393,903.004153699361
-0.1539816,903.024588199361
-0.1135845,903.045022699361
-0.0119606,903.106326199361
0.0155626,903.126760699361
0.0401244,903.147195199361
0.0624038,903.167629699361
0.0822185,903.188064199361
0.1012289,903.208498699361
0.1234721,903.228933199361
0.1446943,903.249367699361
-0.2568223,903.596754199361
-0.2122812,903.617188699361
-0.1282234,903.658057699361
-0.091387,903.678492199361
-0.0558976,903.698926699361
-0.0238483,903.719361199361
0.006282,903.739795699361
0.031847,903.760230199361
0.1357385,903.862402699361
0.1570563,903.882837199361
0.1651806,903.903271699361
0.1645377,903.923706199361
0.174813,903.944140699361
0.1974635,903.964575199361
0.2670043,904.005444199361
0.2985618,904.025878699361
0.3065775,904.046313199361
-0.3753513,904.168920199361
-0.3250486,904.189354699361
-0.2762338,904.209789199361
-0.0696444,904.311961699361
-0.0362243,904.332396199361
-0.006001,904.352830699361
0.0223159,904.373265199361
0.0461249,904.393699699361
0.0664594,904.414134199361
0.0861863,904.434568699361
0.1073015,904.455003199361
0.1626338,904.516306699361
0.1661448,904.536741199361
0.218958,904.598044699361
0.2552635,904.618479199361
0.3095153,904.659348199361
0.2805719,904.679782699361
-0.408528,904.761520699361
-0.3939743,904.781955199361
-0.3449926,904.802389699361
-0.2946206,904.822824199361
-0.2481676,904.843258699361
-0.1616941,904.884127699361
-0.1206825,904.904562199361
